  0.117648    1.86504
   1.86504 -0.0611709
 -1.16091    1.6754
   1.6754 -0.952154
  0.02405   1.87084
  1.87084 -0.019275
-0.00746881     1.86692
    1.86692   0.0652585
-0.162363   1.87923
  1.87923 0.0388983
-0.0554051    1.79367
   1.79367  -0.221894
-0.0198448    1.78447
   1.78447   0.163493
0.0844191   1.90081
  1.90081 0.0626776
 -0.115717     1.9001
    1.9001 -0.0767107
1.46749 1.68423
1.68423 1.19497
-0.0104614    1.83323
   1.83323 -0.0119517
-0.498077   1.17908
  1.17908  -0.52722
  -0.24681    1.02264
   1.02264 -0.0782281
 -0.74512   1.84383
  1.84383 -0.486272
0.0530312   1.11898
  1.11898 0.0284258
 -1.61159   1.08749
  1.08749 -0.660932
-0.0454305   0.986619
  0.986619 -0.0172126
 1.57861  1.08807
 1.08807 0.649212
 0.233802   1.10755
  1.10755 -0.180144
 1.48479  1.04719
 1.04719 0.676263
-0.668937   1.07466
  1.07466  -1.55263
 0.193371   1.01408
  1.01408 0.0323137
 0.134128   1.08073
  1.08073 -0.303583
-0.241027   1.10477
  1.10477  0.193474
0.741589  1.85208
 1.85208 0.499994
0.00874002    1.99077
   1.99077  0.0188944
-1.56624  1.06174
 1.06174 -0.72402
0.729875  1.08483
 1.08483  1.61926
-0.644876   1.06497
  1.06497  -1.54738
0.633309  1.06222
 1.06222  1.56241
-0.109557   1.08284
  1.08284   0.36115
0.399746  1.15999
 1.15999 0.113519
 -0.371864     1.1442
    1.1442 -0.0507897
0.373685  1.16769
 1.16769 0.450035
-0.485616   1.80896
  1.80896 -0.890229
4.53048 1.73496
1.73496  2.6544
2.68279 1.73302
1.73302 4.54081
-4.54415  1.73058
 1.73058 -2.71252
-2.61945  1.73836
 1.73836 -4.48162
4.50692 1.70993
1.70993 2.55804
2.64867 1.70129
1.70129 4.58914
-2.62618  1.71147
 1.71147 -4.57766
 -4.5289  1.71756
 1.71756 -2.55313
-0.300671   2.07044
  2.07044 -0.222722
0.434271  1.77848
 1.77848 0.790682
 -0.39073   1.93972
  1.93972 -0.389708
0.402694  1.94373
 1.94373 0.412157
0.445476  1.81805
 1.81805 0.848938
-0.536298   1.79973
  1.79973 -0.955952
0.000493444     2.06959
    2.06959   -0.102876
 -0.129293    2.08631
   2.08631 -0.0343276
   -1.4149    1.37016
   1.37016 -0.0547833
0.216937  1.36854
 1.36854  1.48729
 -1.66704   1.39734
  1.39734 -0.466778
   1.34068    1.38295
   1.38295 -0.0545339
0.010609  1.38287
 1.38287 -1.34519
0.256414  1.41905
 1.41905  1.57034
-0.268096    1.4157
   1.4157  -1.55111
  1.6072   1.4096
  1.4096 0.379119
2.73122 2.14119
2.14119   2.649
-2.87692  2.08346
 2.08346 -2.88293
-2.71398  2.13564
 2.13564  -2.5797
  2.726 2.07143
2.07143 2.87831
0.392101  2.04115
 2.04115 0.354857
0.0123686   1.86779
  1.86779  0.190671
  0.095121    1.83218
   1.83218 -0.0802265
-0.0789887   0.197383
  0.197383 -0.0811199
0.0843181  0.193077
 0.193077 0.0780751
  -0.0291144     0.169132
    0.169132 -0.000737991
0.0808155  0.198702
 0.198702 0.0904784
-0.0134581   0.163022
  0.163022 -0.0330691
0.0117121  0.166106
 0.166106 0.0213851
 -0.083353   0.206288
  0.206288 -0.0874075
-0.0629764   0.186691
  0.186691 -0.0528232
0.173891 0.190188
0.190188 0.108059
 -0.160557   0.310398
  0.310398 -0.0772091
  0.0114201    0.314934
   0.314934 -0.00206957
 0.102811   0.18464
  0.18464 0.0642542
 -0.175965   0.323643
  0.323643 -0.0841889
0.0437619  0.318312
 0.318312 0.0573181
 -0.101769    0.32138
   0.32138 -0.0500382
 0.179468  0.316619
 0.316619 0.0913297
 0.153924  0.306862
 0.306862 0.0742807
0.00677054   0.324752
  0.324752  0.0046361
-0.00409347    0.185474
   0.185474 -0.00209801
-0.0508837   0.320323
  0.320323 -0.0379626
-0.0123391   0.305023
  0.305023 -0.0307751
   0.0584617     0.310926
    0.310926 -0.000816015
-0.0963327   0.185752
  0.185752 -0.0549205
 -0.0674698    0.312511
   0.312511 -0.00951954
0.00660047   0.136294
  0.136294 0.00865643
-0.115248  0.309294
 0.309294 -0.196909
0.0837546   0.31209
  0.31209  0.172502
0.0860092  0.312165
 0.312165  0.169917
-0.0808536   0.311566
  0.311566  -0.171069
0.00718483   0.315531
  0.315531  0.0661336
0.0116737  0.310912
 0.310912 -0.017612
 0.0209443   0.305482
  0.305482 -0.0138482
   -0.03058    0.304241
   0.304241 -0.00260764
-0.519479  0.355421
 0.355421 -0.350776
-0.347546  0.355698
 0.355698 -0.528236
-0.576885  0.353488
 0.353488 -0.406862
 -0.33615  0.346786
 0.346786 -0.513548
0.339984 0.357201
0.357201 0.516507
0.525659 0.358369
0.358369 0.354186
0.517376 0.357554
0.357554 0.337306
0.385785 0.361891
0.361891 0.555633
-0.0502482   0.124119
  0.124119 -0.0343754
-0.120944  0.184137
 0.184137 -0.193402
0.0615955  0.185783
 0.185783  0.108638
-0.0906473   0.150941
  0.150941 -0.0961528
0.107167 0.145932
0.145932 0.103118
0.00973976   0.164823
  0.164823 -0.0389237
0.0959916  0.184396
 0.184396  0.158109
-0.0990283   0.184516
  0.184516   -0.15579
0.0225403  0.131616
 0.131616 0.0169902
-0.0567878   0.118255
  0.118255 -0.0612936
 0.21881 0.328199
0.328199 0.302402
-0.216712  0.319774
 0.319774 -0.305572
0.225928 0.331044
0.331044 0.287599
-0.202903  0.326855
 0.326855 -0.283899
-0.293322  0.328125
 0.328125 -0.217792
0.312772 0.330347
0.330347 0.220751
-0.223494  0.336263
 0.336263 -0.161051
 0.31264 0.326566
0.326566 0.238035
-0.0635514   0.196668
  0.196668 -0.0323089
0.129351 0.192101
0.192101 0.103211
0.127908 0.196065
0.196065 0.159539
-0.230352  0.202598
 0.202598 -0.176598
-0.148832  0.193056
 0.193056 -0.132556
0.0953051  0.139324
 0.139324 0.0940864
0.0146376  0.174039
 0.174039 0.0340006
    0.01333    0.180053
   0.180053 -0.00234885
-0.0625488   0.190264
  0.190264 -0.0802813
0.111928 0.199239
0.199239 0.103947
-0.098664  0.196666
 0.196666 -0.089164
0.00136286     0.1698
    0.1698 -0.0282907
0.0964596  0.201209
 0.201209 0.0862848
-0.0378406   0.165229
  0.165229 -0.0259738
0.0247496  0.160698
 0.160698 0.0200092
-0.0801704   0.205971
  0.205971 -0.0832151
-0.0600389   0.184693
  0.184693 -0.0752746
 0.10811  0.19009
 0.19009 0.167443
0.104221 0.312865
0.312865  0.18748
0.0108262  0.314349
 0.314349 0.0118624
-0.0160743   0.318817
  0.318817 -0.0367162
-0.0734652   0.320767
  0.320767   -0.16064
0.0554036  0.317395
 0.317395 0.0327403
0.108867 0.311694
0.311694 0.193497
-0.0366789   0.303073
  0.303073 -0.0224053
0.0209068  0.314958
 0.314958 0.0294763
-0.0820285   0.316806
  0.316806   -0.16909
-0.0442008   0.181622
  0.181622 -0.0763805
 0.0133005   0.183724
  0.183724 0.00748302
-0.0454415   0.319812
  0.319812  -0.105823
-0.0440573   0.310942
  0.310942 -0.0853584
0.0483712  0.185006
 0.185006 0.0759432
0.038323 0.310269
0.310269 0.075904
  0.00557966     0.133683
    0.133683 -0.000762181
-0.201511  0.312135
 0.312135 -0.121571
 0.187086  0.318154
 0.318154 0.0934016
 0.190445  0.318395
 0.318395 0.0942626
 -0.174262     0.3144
    0.3144 -0.0860901
-0.0133279   0.305683
  0.305683  0.0160792
0.0721092  0.317188
 0.317188 0.0190325
  0.0231983    0.308165
   0.308165 -0.00507732
 -0.010456   0.311068
  0.311068 0.00620136
0.515682 0.350064
0.350064 0.339457
0.342889 0.350208
0.350208 0.515126
0.346834  0.35183
 0.35183 0.525977
0.517629 0.351711
0.351711 0.352806
-0.526329  0.351374
 0.351374 -0.342624
 -0.39813  0.355813
 0.355813 -0.559587
-0.523231  0.360336
 0.360336 -0.345517
-0.363288  0.362069
 0.362069 -0.540133
-0.0324002   0.124777
  0.124777 -0.0472633
 0.101479  0.188093
 0.188093 0.0573778
-0.178765  0.180542
 0.180542 -0.114704
-0.0850082   0.147388
  0.147388 -0.0802674
 0.11459 0.146155
0.146155 0.110524
-0.0336014   0.163596
  0.163596  0.0123443
 -0.166251   0.181823
  0.181823 -0.0985118
 0.147579  0.184477
 0.184477 0.0921242
-0.0694598   0.120944
  0.120944 -0.0655742
0.00795367    0.12962
   0.12962  0.0151685
-0.306378   0.32162
  0.32162 -0.218084
 -0.30546  0.330675
 0.330675 -0.222511
0.272554 0.332091
0.332091  0.19381
0.260173  0.32879
 0.32879 0.174915
 -0.18099   0.33658
  0.33658 -0.239601
0.193299 0.324394
0.324394 0.270242
0.195812 0.322864
0.322864   0.2731
-0.226259  0.334367
 0.334367 -0.307922
-0.0349634    0.19732
   0.19732 -0.0739543
 0.17459 0.199918
0.199918 0.131487
-0.119168  0.197495
 0.197495 -0.145793
-0.167064  0.201975
 0.201975 -0.222305
0.138659  0.19774
 0.19774 0.155249
0.0940633  0.138533
 0.138533  0.097148
0.0123866   0.17873
  0.17873  0.035267
0.0357844  0.174005
 0.174005 0.0204567
-0.0794782   0.191182
  0.191182 -0.0668264
-0.0808173    1.87783
   1.87783  0.0493328
 0.0892199    1.88912
   1.88912 -0.0514081
 0.0652271    1.84675
   1.84675 -0.0212201
  0.102862    1.82385
   1.82385 -0.0432763
-0.027042   1.90467
  1.90467  0.107594
 0.132568   1.91122
  1.91122 0.0797363
0.0467484   1.79834
  1.79834 -0.111967
0.365735  1.76958
 1.76958 0.293806
 -1.06472   1.76914
  1.76914 -0.626699
-0.0624375     1.9937
    1.9937 -0.0778158
  1.7102  1.11319
 1.11319 0.705209
-0.0949857    1.03562
   1.03562  -0.286792
 0.441379   1.09762
  1.09762 -0.090456
 -1.54704   1.05137
  1.05137 -0.621857
 -1.55253   1.09641
  1.09641 -0.650329
-0.00261135    0.975323
   0.975323  -0.0168882
-0.767849   1.84363
  1.84363 -0.503465
-0.0737645     1.0562
    1.0562 -0.0236572
 0.174483   1.01183
  1.01183 0.0286255
0.597682  1.05977
 1.05977  1.52877
0.204081  1.17158
 1.17158 0.466674
-0.240311   1.10493
  1.10493  0.190621
 -0.363097    1.14342
   1.14342 -0.0503432
0.0672147   1.82635
  1.82635 0.0632243
 1.68111  1.10298
 1.10298 0.702097
-0.720746   1.09617
  1.09617  -1.61586
0.604185  1.82956
 1.82956 0.389483
0.517119  1.04284
 1.04284  1.41856
-0.631478   1.05218
  1.05218  -1.56583
 0.386377   1.15777
  1.15777 0.0870933
-0.212711   1.12304
  1.12304 0.0370537
 0.303756   1.10299
  1.10299 -0.198501
 0.202702   1.09114
  1.09114 -0.252138
4.47263 1.75853
1.75853 2.66803
2.52038 1.76645
1.76645 4.46203
-2.64183  1.70799
 1.70799  -4.6003
-4.54541  1.71538
 1.71538 -2.54884
-4.59289  1.70635
 1.70635 -2.67366
-2.62967  1.71135
 1.71135 -4.53671
4.55582 1.71909
1.71909    2.66
2.66562 1.71838
1.71838 4.56435
0.291315  2.12434
 2.12434 0.154497
0.577764  1.80531
 1.80531  0.98047
0.695578  1.78807
 1.78807  1.13164
-0.534794    1.7896
   1.7896 -0.833392
0.400459  1.94488
 1.94488 0.365709
 -0.54854   1.97419
  1.97419 -0.463494
-0.140148   1.87184
  1.87184  0.105101
-0.551532   1.78128
  1.78128 -0.975348
0.080467  2.05541
 2.05541 0.138198
 0.29277   2.1691
  2.1691 0.292751
-0.488022   1.39873
  1.39873  -1.69477
   1.36655    1.36845
   1.36845 -0.0445612
-1.29426  1.43977
 1.43977 0.133398
  1.6147  1.40432
 1.40432 0.389356
-0.0449753     1.3604
    1.3604    1.33828
-0.586916   1.40201
  1.40201  -1.75288
0.230955  1.43371
 1.43371  1.54258
  -1.42226    1.37486
   1.37486 -0.0871283
0.673342   1.7678
  1.7678 0.349385
3.13676 2.09211
2.09211 2.83553
 -2.7026  2.14663
 2.14663 -2.55845
-2.54998  2.09546
 2.09546 -2.75664
2.87199 2.11658
2.11658 2.67609
-0.546367   2.01257
  2.01257 -0.602899
-0.0716151    1.86095
   1.86095  -0.209304
 -0.153784    1.82407
   1.82407 0.00443537
0.195519  1.78452
 1.78452 0.361988
