 4.45794e-05  0.000901438
 0.000901438 -4.18497e-05
-0.000101515  0.000809776
 0.000809776 -6.16686e-07
 1.05856e-05  0.000904241
 0.000904241 -1.03548e-05
-1.61792e-05  0.000902343
 0.000902343  1.89724e-05
-5.16218e-05  0.000908294
 0.000908294  4.56544e-05
 3.35335e-05  0.000866938
 0.000866938 -4.69363e-05
-4.08352e-05  0.000862494
 0.000862494  4.77782e-05
 8.80902e-06  0.000918723
 0.000918723 -1.69935e-06
-1.40768e-05  0.000918382
 0.000918382  4.77617e-06
 0.000130202  0.000814045
 0.000814045 -1.51624e-06
-1.81492e-07   0.00088606
  0.00088606 -9.01811e-07
-1.77351e-05  0.000569889
 0.000569889 -3.18209e-05
-4.85957e-05  0.000494278
 0.000494278  3.28855e-05
-9.23136e-05  0.000891183
 0.000891183  3.27963e-05
 7.91484e-06  0.000540842
 0.000540842 -3.97775e-06
-0.000284663  0.000525622
 0.000525622  0.000174824
-8.3332e-06 0.000476866
0.000476866 5.30545e-06
 0.000278444    0.0005259
   0.0005259 -0.000170766
 0.000101334  0.000535314
 0.000535314 -9.87402e-05
0.000247621 0.000506142
0.000506142 -0.00014317
 0.000159872  0.000519421
 0.000519421 -0.000267248
 4.43762e-05  0.000490139
 0.000490139 -3.34681e-05
 0.000101685  0.000522354
 0.000522354 -0.000109875
-0.000106154  0.000533974
 0.000533974  0.000103855
 8.83902e-05  0.000895173
 0.000895173 -2.83803e-05
-1.78615e-06  0.000962205
 0.000962205  3.12181e-06
-0.000258885  0.000513173
 0.000513173  0.000148189
-0.000158163  0.000524337
 0.000524337  0.000271705
 0.000165127  0.000514736
 0.000514736 -0.000271086
-0.000171469  0.000513407
 0.000513407  0.000277595
-0.000107674   0.00052337
  0.00052337  0.000119834
 8.15755e-05  0.000560664
 0.000560664 -5.67677e-05
-8.78072e-05  0.000553028
 0.000553028  6.73789e-05
1.45524e-06 0.000564383
0.000564383 3.83579e-05
 6.45321e-05  0.000874331
 0.000874331 -0.000131031
 0.000627022  0.000838564
 0.000838564 -0.000279753
-0.000274451  0.000837629
 0.000837629  0.000623592
-0.000618012  0.000836449
 0.000836449  0.000267274
 0.000278417  0.000840209
 0.000840209 -0.000621635
 0.000641717  0.000826465
 0.000826465 -0.000300244
-0.000294032  0.000822288
 0.000822288   0.00064386
 0.000297516  0.000827212
 0.000827212 -0.000645702
-0.000648628  0.000830155
 0.000830155  0.000306329
-3.14865e-05   0.00100071
  0.00100071  6.18914e-06
-5.65296e-05  0.000859598
 0.000859598  0.000115736
-1.91076e-05  0.000937529
 0.000937529 -1.86136e-05
1.74054e-05 0.000939469
0.000939469 2.19791e-05
-6.62216e-05  0.000878726
 0.000878726  0.000128785
 6.53538e-05  0.000869871
 0.000869871 -0.000137479
 2.25067e-05    0.0010003
   0.0010003 -2.74552e-05
-2.69042e-05   0.00100838
  0.00100838  1.89958e-05
-0.000364212  0.000662242
 0.000662242  0.000293177
-0.000265816  0.000661462
 0.000661462  0.000348187
-0.000341631  0.000675381
 0.000675381  0.000238497
 0.000368257  0.000668425
 0.000668425 -0.000306094
 0.000295398  0.000668386
 0.000668386 -0.000359903
-0.000273385  0.000685873
 0.000685873  0.000361678
 0.000266098  0.000684254
 0.000684254 -0.000354026
 0.000344788  0.000681308
 0.000681308 -0.000248783
0.000149891  0.00103491
 0.00103491 0.000110153
-0.000137744   0.00100701
  0.00100701 -0.000140649
-0.000160382   0.00103223
  0.00103223 -9.54796e-05
9.86303e-05  0.00100119
 0.00100119 0.000172245
2.70521e-05 0.000986556
0.000986556 9.05085e-06
-3.81829e-05  0.000902765
 0.000902765  4.79965e-05
 4.27356e-05  0.000885552
 0.000885552 -4.20157e-05
-3.35426e-05  0.000954019
 0.000954019 -4.38433e-05
5.43321e-05 0.000933207
0.000933207 2.41579e-05
-7.57906e-05  0.000817469
 0.000817469  6.13619e-05
1.80439e-05 0.000960391
0.000960391 6.47481e-05
 3.61494e-05  0.000787941
 0.000787941 -5.86375e-05
-1.53779e-05  0.000802845
 0.000802845  3.13748e-05
-3.14687e-05   0.00099706
  0.00099706 -5.10656e-05
-5.25217e-05   0.00090234
  0.00090234 -3.44809e-06
 0.000227232  0.000919243
 0.000919243 -9.09556e-05
-0.000258885   0.00150025
  0.00150025  0.000143965
 3.48599e-05   0.00152218
  0.00152218 -3.03404e-05
 0.000133553  0.000892428
 0.000892428 -5.28048e-05
-0.000284663   0.00156427
  0.00156427  0.000158922
-8.3332e-06  0.00153851
 0.00153851 5.71885e-05
-0.000161703   0.00155334
  0.00155334  8.83295e-05
 0.000278444   0.00153032
  0.00153032 -0.000147558
 0.000247621   0.00148317
  0.00148317 -0.000137322
 7.91484e-06   0.00156964
  0.00156964 -2.40163e-06
-6.31864e-06  0.000896456
 0.000896456  3.32609e-06
-5.26973e-05   0.00154823
  0.00154823   9.7549e-06
 3.41342e-05   0.00147428
  0.00147428 -5.49727e-05
 0.000157185   0.00150281
  0.00150281 -0.000129323
-0.000136632  0.000897802
 0.000897802  6.35266e-05
-0.000158652   0.00151047
  0.00151047  0.000121441
-1.28149e-06  0.000658756
 0.000658756  8.65566e-06
 0.000121911   0.00149492
  0.00149492 -0.000272787
-0.000152544   0.00150843
  0.00150843  0.000276401
-0.000140929    0.0015088
   0.0015088  0.000264626
  0.00015714    0.0015059
   0.0015059 -0.000278903
-0.000124741   0.00152507
  0.00152507  0.000160178
 6.93387e-05   0.00150274
  0.00150274 -7.22089e-05
 8.57967e-05    0.0014765
   0.0014765 -8.23669e-05
-7.56202e-05    0.0014705
   0.0014705  5.95795e-05
-0.000618012   0.00171787
  0.00171787  0.000197389
 0.000225019   0.00171921
  0.00171921 -0.000648314
-0.000648628   0.00170853
  0.00170853   0.00017315
 0.000223369   0.00167613
  0.00167613 -0.000634056
-0.000219612   0.00172647
  0.00172647  0.000633582
 0.000627022   0.00173212
  0.00173212 -0.000201763
0.000641717  0.00172818
 0.00172818 -0.00022862
-0.000182956   0.00174914
  0.00174914  0.000637974
 -5.881e-05 0.000599909
0.000599909 1.79086e-05
 9.91391e-05  0.000889994
 0.000889994 -0.000251073
-7.25461e-05  0.000897953
 0.000897953  0.000154826
-3.18384e-05  0.000729548
 0.000729548 -5.84483e-05
6.06047e-05 0.000705336
0.000705336 4.10329e-05
 0.000110551  0.000796646
 0.000796646 -0.000124656
-8.87095e-05  0.000891248
 0.000891248  0.000211525
 7.55935e-05  0.000891829
 0.000891829 -0.000198756
 2.29659e-05  0.000636146
 0.000636146 -3.85953e-06
-1.76473e-05  0.000571565
 0.000571565 -3.94254e-05
-7.60524e-05    0.0015863
   0.0015863  0.000327971
 8.85269e-05   0.00154557
  0.00154557 -0.000340964
-2.49353e-05   0.00160005
  0.00160005   0.00027314
 7.80966e-05    0.0015798
   0.0015798 -0.000313385
-0.00030605  0.00158594
 0.00158594 5.90117e-05
  0.00035132   0.00159668
  0.00159668 -9.34507e-05
-0.000243835   0.00162527
  0.00162527  5.79711e-05
 0.000313375    0.0015784
   0.0015784 -4.72152e-05
-9.86691e-05  0.000950563
 0.000950563  5.23366e-05
 0.000119376   0.00092849
  0.00092849 -6.97088e-06
-6.97609e-06  0.000947647
 0.000947647  0.000145909
-0.000228251  0.000979223
 0.000979223  3.15583e-05
-0.000107336  0.000933105
 0.000933105 -2.86685e-05
4.87148e-05 0.000673401
0.000673401 4.28244e-05
-3.50396e-05   0.00084119
  0.00084119   5.8548e-05
 4.05444e-05  0.000870255
 0.000870255 -3.52368e-05
 8.33637e-06  0.000919611
 0.000919611 -7.73709e-05
 7.1458e-05 0.000962987
0.000962987  3.2882e-05
-6.83499e-05  0.000950551
 0.000950551 -2.24336e-05
 6.51553e-05  0.000820702
 0.000820702 -7.81704e-05
6.87523e-05 0.000972511
0.000972511 1.95741e-05
-4.40999e-05  0.000798609
 0.000798609  1.32563e-05
 2.22727e-05  0.000776706
 0.000776706 -6.39238e-07
-3.21269e-05  0.000995526
 0.000995526 -4.68428e-05
 4.11876e-06  0.000892684
 0.000892684 -6.95203e-05
-7.67944e-05   0.00091877
  0.00091877  0.000209978
-0.000130716   0.00151218
  0.00151218  0.000271705
2.97899e-06  0.00151935
 0.00151935 7.98714e-06
 3.71269e-05   0.00154095
  0.00154095 -6.26423e-05
 0.000154097   0.00155038
  0.00155038 -0.000267248
 7.60709e-05   0.00153407
  0.00153407 -3.34681e-05
-0.000131452   0.00150652
  0.00150652  0.000277595
-4.87732e-05   0.00146486
  0.00146486  2.02159e-05
-8.53368e-06    0.0015223
   0.0015223  3.28855e-05
 0.000149712   0.00153123
  0.00153123 -0.000271086
  4.8627e-05   0.00087784
  0.00087784 -0.000106908
 1.90816e-05  0.000887997
 0.000887997 -9.03624e-06
 0.000109367   0.00154576
  0.00154576 -0.000182479
 6.85355e-05   0.00150289
  0.00150289 -0.000131086
-3.65898e-05  0.000894196
 0.000894196  9.66751e-05
-6.32158e-05   0.00149963
  0.00149963  0.000118426
 1.64903e-05  0.000646136
 0.000646136 -1.41619e-05
-0.000271267   0.00150865
  0.00150865   0.00011511
0.000294189  0.00153774
 0.00153774 -0.00015862
 0.000301244   0.00153891
  0.00153891 -0.000163636
  -0.000276   0.0015196
  0.0015196 0.000150164
-7.04022e-05   0.00147747
  0.00147747   7.1732e-05
 0.000150295   0.00153308
  0.00153308 -0.000106243
 7.27119e-05   0.00148946
  0.00148946 -6.39535e-05
-4.12834e-05   0.00150349
  0.00150349   3.9227e-05
0.000632537  0.00169198
 0.00169198 -0.00021922
-0.000208885   0.00169267
  0.00169267  0.000623592
-0.000222001   0.00170051
  0.00170051   0.00064386
 0.000608677   0.00169994
  0.00169994 -0.000187967
-0.00065395  0.00169831
 0.00169831 0.000233956
 0.000158739   0.00171976
  0.00171976 -0.000621635
-0.000639422   0.00174162
  0.00174162  0.000219528
 0.000209048      0.00175
     0.00175 -0.000645702
 1.66671e-05  0.000603087
 0.000603087 -5.51711e-05
 0.000144969  0.000909116
 0.000909116 -6.81882e-05
-0.000225735  0.000872621
 0.000872621  8.38921e-05
-5.13985e-05  0.000712377
 0.000712377 -2.84847e-05
6.42301e-05 0.000706414
0.000706414 4.45751e-05
-0.000116173  0.000790713
 0.000790713  0.000105898
-0.000227687  0.000878811
 0.000878811  9.97181e-05
 0.000191944  0.000891641
 0.000891641 -7.60872e-05
-4.20234e-05  0.000584562
 0.000584562  -2.3243e-05
-1.1848e-05 0.000626497
0.000626497 2.30237e-05
-0.000340124    0.0015545
   0.0015545  8.66337e-05
-0.000328052   0.00159826
  0.00159826  7.28659e-05
 0.000303003   0.00160511
  0.00160511 -7.75938e-05
 0.000311186   0.00158915
  0.00158915 -0.000100894
 4.00005e-05    0.0016268
   0.0016268 -0.000243286
-7.39224e-05    0.0015679
   0.0015679  0.000297968
-7.34567e-05   0.00156051
  0.00156051  0.000300097
 6.82579e-05   0.00161611
  0.00161611 -0.000326445
6.79063e-05 0.000953712
0.000953712 -0.00012055
 0.000178135   0.00096627
  0.00096627 -3.01979e-05
 3.13068e-07  0.000954559
 0.000954559 -0.000128378
 3.94014e-05  0.000976213
 0.000976213 -0.000227597
3.09356e-05 0.000955745
0.000955745  0.00011112
3.87547e-05 0.000669577
0.000669577 5.36641e-05
-4.37779e-05  0.000863863
 0.000863863  6.68105e-05
 5.06335e-05  0.000841023
 0.000841023 -2.34503e-05
-6.59323e-05  0.000924047
 0.000924047 -4.78159e-06
-3.22138e-05  0.000907618
 0.000907618  3.06921e-05
 3.48989e-05  0.000913074
 0.000913074 -3.30713e-05
 2.19549e-05  0.000892596
 0.000892596 -1.98279e-05
 3.67568e-05  0.000881529
 0.000881529 -3.38768e-05
-3.05903e-05  0.000920589
 0.000920589  3.44836e-05
 1.78984e-05  0.000923755
 0.000923755 -7.63701e-06
 3.67801e-05  0.000869196
 0.000869196 -3.99323e-05
 3.33218e-05  0.000855295
 0.000855295 -1.44394e-06
-0.000146732  0.000855084
 0.000855084  6.49797e-05
  3.2696e-07  0.000963624
 0.000963624 -7.10587e-06
0.000301244 0.000538044
0.000538044  -0.0001845
 3.71269e-05   0.00050055
  0.00050055 -5.55795e-05
 0.000137007  0.000530518
 0.000530518 -0.000120046
 -0.000276 0.00050816
0.00050816 0.00017117
-0.000271267  0.000529934
 0.000529934  0.000164795
 2.97899e-06  0.000471406
 0.000471406 -3.92147e-06
-9.46161e-05  0.000891086
 0.000891086  3.31693e-05
-1.44636e-05  0.000510498
 0.000510498   9.7549e-06
 4.01573e-05   0.00048905
  0.00048905 -3.03404e-05
-0.000173623  0.000512222
 0.000512222  0.000276401
-4.72502e-05  0.000566263
 0.000566263    7.967e-05
-0.000105343   0.00053405
  0.00053405  0.000102941
-8.55736e-05  0.000552652
 0.000552652  6.55907e-05
4.11663e-06 0.000882736
0.000882736 2.18793e-06
 0.000294189  0.000533108
 0.000533108 -0.000179001
 0.000159851  0.000529815
 0.000529815 -0.000272787
    7.59e-05  0.000884289
 0.000884289 -2.78727e-05
-0.000171069  0.000504037
 0.000504037  0.000264626
 0.000172699  0.000508555
 0.000508555 -0.000278903
 8.37692e-05  0.000559591
 0.000559591 -6.08848e-05
-6.46048e-05  0.000542803
 0.000542803  5.61147e-05
 0.000123922  0.000533111
 0.000533111 -0.000118835
 0.000108725  0.000527384
 0.000527384 -0.000111114
 0.000608677  0.000849958
 0.000849958 -0.000263546
-0.000300491  0.000853782
 0.000853782  0.000637974
 0.000298278  0.000825527
 0.000825527 -0.000648314
-0.00065395 0.000829101
0.000829101 0.000311061
-0.000639422  0.000824734
 0.000824734  0.000288205
 0.000287681  0.000827155
 0.000827155 -0.000634056
 0.000632537  0.000830891
 0.000830891 -0.000283773
-0.000284134  0.000830549
 0.000830549  0.000633582
 4.38382e-05   0.00102677
  0.00102677 -2.22906e-05
-5.96632e-05  0.000872565
 0.000872565  0.000134978
-6.1225e-05 0.000864236
0.000864236 0.000149541
 3.90967e-05  0.000864972
 0.000864972 -0.000105226
2.69137e-05 0.000940026
0.000940026 1.01178e-05
-4.50101e-05  0.000954191
 0.000954191  -3.9049e-06
-6.01154e-05  0.000904723
 0.000904723  5.84214e-05
 6.55228e-05  0.000860951
 0.000860951 -0.000139322
-8.66715e-06  0.000993446
 0.000993446  1.92359e-05
1.41546e-05   0.0010484
  0.0010484 1.41455e-05
  0.00023888  0.000676054
 0.000676054 -0.000344381
0.000372966 0.000661415
0.000661415 -0.00030907
-0.000373071  0.000695887
 0.000695887  0.000316963
 0.000344555  0.000678753
 0.000678753 -0.000247693
-0.000303031  0.000657528
 0.000657528  0.000365541
 0.00022523 0.000677639
0.000677639 -0.00033832
-0.000274115  0.000692959
 0.000692959  0.000359836
-0.000359134  0.000664518
 0.000664518   0.00028618
 0.000103005  0.000854438
 0.000854438 -5.35737e-05
0.000217127  0.00101119
 0.00101119 7.15342e-05
-0.000161976   0.00103754
  0.00103754 -9.23076e-05
-7.83017e-05   0.00101281
  0.00101281 -0.000178185
 0.00018142  0.00102301
 0.00102301 8.67367e-05
-1.41119e-05   0.00097274
  0.00097274 -4.14359e-05
  2.6486e-05  0.000899459
 0.000899459 -4.00638e-05
-4.18456e-05  0.000881636
 0.000881636  3.46271e-05
-2.67569e-05   0.00086252
  0.00086252  5.37031e-05
