0.00999412
0.00998879
0.00998855
0.00999265
 0.0100543
 0.0099935
 0.0100018
0.00999885
 0.0100056
 0.0100094
0.00999007
 0.0100097
0.00999245
0.00999004
0.00999627
 0.0101242
0.00997794
 0.0100582
 0.0101966
0.00997936
0.00999825
 0.0100777
0.00995404
 0.0099958
 0.0101687
0.00998675
 0.0101644
 0.0101224
 0.0101813
0.00997347
0.00998263
0.00999432
0.00998796
0.00998005
 0.0100625
 0.0100092
 0.0100591
 0.0100886
 0.0101286
 0.0100007
 0.0100017
0.00999155
 0.0100553
 0.0100082
0.00999241
 0.0100051
0.00998843
0.00997988
0.00997735
0.00999726
 0.0100636
 0.0100379
 0.0100018
 0.0101315
0.00999168
 0.0100049
  0.010001
 0.0101177
0.00999214
0.00999689
 0.0100899
 0.0100793
0.00999108
0.00997293
 0.0101236
0.00997058
0.00997309
 0.0101739
  0.010169
0.00999025
0.00997194
0.00995796
0.00999401
0.00999634
0.00997219
 0.0100392
 0.0101925
 0.0101213
  0.010162
0.00994387
 0.0099818
0.00995896
0.00973947
0.00946305
0.00937206
 0.0100087
 0.0101625
 0.0099831
  0.010064
 0.0099248
0.00995386
0.00999807
 0.0100016
0.00999186
 0.0100636
 0.0100026
0.00999925
0.00996923
 0.0101159
 0.0100067
 0.0101992
0.00988896
0.00995714
0.00989464
0.00963026
 0.0100171
0.00986262
 0.0103442
 0.0102345
 0.0102512
 0.0100559
0.00898436
0.00985397
 0.0105961
 0.0100421
 0.0121039
 0.0132269
0.00998376
 0.0099986
0.00960926
0.00992525
 0.0100523
0.00998577
 0.0099652
 0.0100112
 0.0100099
0.00988877
0.00995797
 0.0100009
 0.0099923
0.00740612
0.00542275
 0.0099843
0.00997662
0.00926233
0.00997872
 0.0100226
 0.0102676
 0.0101227
0.00999705
0.00999647
 0.0099875
0.00997972
 0.0099721
0.00999551
0.00999945
0.00993264
0.00997985
0.00999723
0.00994649
 0.0100196
 0.0101431
0.00998443
0.00997689
0.00997996
 0.0100791
0.00995733
 0.0100212
0.00998957
 0.0100975
  0.010132
 0.0100644
 0.0100043
 0.0100686
0.00994906
 0.0100226
0.00991179
0.00772074
0.00998342
0.00996287
0.00997071
 0.0100078
 0.0102203
 0.0107271
 0.0100029
0.00999514
0.00999535
0.00997335
 0.0100944
 0.0100074
 0.0101117
0.00984016
 0.0100219
  0.010008
0.00999416
0.00997298
 0.0100174
 0.0100284
0.00995282
0.00971824
 0.0102318
 0.0101078
0.00998138
 0.0100708
0.00996875
 0.0132159
 0.0100185
 0.0100151
 0.0100634
 0.0101228
 0.0101109
0.00997903
0.00996581
 0.0104053
 0.0105122
 0.0101943
0.00972675
0.00998006
0.00993943
0.00995208
0.00991453
 0.0101148
 0.0101701
 0.0100095
 0.0100644
 0.0100175
 0.0100652
0.00966205
 0.0100074
 0.0104252
0.00973814
0.00999126
 0.0100184
 0.0101048
 0.0100684
0.00999505
 0.0100911
0.00994558
0.00998364
0.00997723
 0.0101699
 0.0100905
0.00993049
0.00994635
0.00998043
  0.010051
 0.0101164
  0.010029
0.00986494
 0.0102007
 0.0100257
 0.0101014
 0.0104636
0.00790799
 0.0102447
 0.0100161
 0.0100072
 0.0105199
0.00592032
 0.0100635
 0.0100536
 0.0100078
0.00991007
  0.010157
 0.0100662
 0.0100557
 0.0101346
0.00997113
0.00997293
 0.0100968
 0.0100744
0.00999198
0.00996521
0.00994889
0.00993167
  0.010301
0.00836104
 0.0103612
 0.0100194
 0.0100553
 0.0103692
0.00653033
 0.0102496
0.00996207
 0.0100267
 0.0102496
 0.0101415
 0.0101493
 0.0101103
 0.0100667
0.00999461
0.00996248
 0.0100002
 0.0100715
 0.0100511
 0.0100747
 0.0130651
 0.0123234
0.00997995
 0.0101296
0.00999515
0.00999377
 0.0102009
 0.0100186
  0.010095
 0.0101463
0.00995985
0.00998905
 0.0100696
 0.0101828
 0.0101106
 0.0100086
0.00995431
0.00998872
0.00999405
 0.0102304
 0.0101408
0.00998839
 0.0100089
 0.0100634
0.00998914
 0.0100019
 0.0102343
0.00997577
0.00998947
 0.0100032
0.00998803
0.00997265
0.00997526
0.00994133
 0.0100847
 0.0101642
0.00974315
 0.0100221
 0.0100212
 0.0100271
0.00974892
 0.0101248
0.00996246
 0.0100018
0.00997019
 0.0100337
 0.0105322
 0.0101014
 0.0100863
 0.0124775
 0.0132237
 0.0100007
 0.0100502
 0.0100017
 0.0100033
0.00999031
 0.0099874
 0.0100933
  0.010177
0.00998907
0.00999868
 0.0100057
0.00995469
0.00997313
0.00999293
 0.0100362
0.00997484
 0.0100544
0.00988328
0.00827957
 0.0101541
0.00994158
 0.0101049
 0.0100949
0.00993583
0.00995386
0.00994712
0.00991125
0.00997991
0.00998881
0.00995555
0.00993535
 0.0097766
 0.0104138
 0.0100496
 0.0101135
 0.0100443
  0.010091
  0.012977
0.00977943
0.00998346
 0.0100474
 0.0100206
 0.0102739
 0.0102054
 0.0101417
 0.0101426
 0.0101806
 0.0100834
0.00998655
 0.0100227
 0.0053588
0.00639275
 0.0100172
 0.0100103
 0.0100217
 0.0105528
0.00994524
0.00999478
 0.0100804
 0.0100081
0.00996398
 0.0100768
 0.0102041
0.00945007
0.00995386
0.00999012
0.00995227
0.00993788
0.00935779
0.00986327
 0.0102049
 0.0101261
  0.010021
 0.0100593
 0.0100361
 0.0100928
 0.0108075
0.00995242
0.00994587
 0.0097136
0.00997348
 0.0101451
 0.0101276
0.00992598
  0.010008
0.00999473
0.00999344
0.00996717
0.00935867
0.00467289
 0.0100068
0.00991186
 0.0101506
 0.0091655
 0.0100668
 0.0102302
0.00995089
0.00998472
 0.0100023
0.00997758
0.00987352
0.00892554
0.00647671
0.00995493
0.00999184
0.00994265
0.00967594
0.00981661
  0.010015
 0.0100077
0.00985584
0.00506126
0.00993732
0.00995608
 0.0050333
 0.0102713
  0.010011
0.00999185
0.00985667
 0.0101152
0.00869547
 0.0098987
 0.0100019
  0.010001
0.00953103
0.00647545
 0.0101147
0.00999479
  0.010036
0.00981368
 0.0102067
0.00999578
0.00553383
 0.0100097
0.00939035
 0.0103087
0.00999865
  0.009989
 0.0100125
0.00979345
0.00577009
0.00878204
0.00983468
0.00993759
0.00460756
 0.0100017
 0.0100525
 0.0102489
0.00820176
0.00997534
0.00942742
0.00999827
 0.0100009
0.00985002
0.00998237
0.00623624
 0.0100009
0.00525685
0.00651977
 0.0100012
0.00999361
0.00996882
0.00765922
 0.0099813
0.00939343
 0.0099391
0.00917108
