0.00992382
0.00942947
0.00977134
0.00995387
0.0100004
0.00995829
0.00985204
0.00993126
0.00989604
0.009851
0.00977136
0.00988287
0.00928607
0.00942954
0.0099602
0.00989681
0.00977348
0.00951424
0.0100044
0.00732656
0.00873243
0.00852523
0.0094721
0.00992381
0.00852723
0.00947027
0.0100024
0.0100014
0.0100044
0.00977275
0.00732607
0.00995376
0.00949505
0.00948827
0.00997546
0.00995839
0.00989319
0.00997259
0.0100005
0.00948488
0.00872689
0.00949517
0.00989543
0.00951487
0.00989618
0.00946729
0.00988932
0.00759927
0.00218165
0.00895358
0.00979213
0.0095996
0.00988365
0.00997512
0.00987423
0.00993076
0.00895115
0.00825432
0.00928622
0.00947055
0.0097896
0.00603575
0.00988938
0.00992848
0.0100011
0.00433622
0.00951698
0.0060298
0.00997724
0.0096505
0.00314756
0.00455612
0.00996025
0.00431695
0.00217446
0.00994038
0.000676821
0.00674456
0.00928633
0.00951812
0.00759959
0.00316425
0.00711951
0.0086723
0.00867805
0.00989283
0.00866841
0.00314463
0.00674793
0.00807931
0.00712853
0.00965083
0.00975536
0.00910169
0.00825384
0.00994284
0.0099204
0.00925646
0.0100011
0.00789055
0.00883719
0.00152825
0.00455393
0.00746534
0.00787224
0.00789345
0.00155361
0.00866929
0.000658398
0.00803598
0.00880445
0.0078644
0.00883619
0.0129415
0.0173135
0.0109377
0.0109393
0.00993009
0.00987471
0.00699922
0.00935516
0.00805568
0.00992232
0.00746338
0.0091043
0.00975717
0.00807872
0.00316316
0.009924
0.00877118
0.00524413
0.00913175
0.00988623
0.00918861
0.00846252
0.00316292
0.00789565
0.00866899
0.00825296
0.00991928
0.0098766
0.00989047
0.00760427
0.00220229
0.0089533
0.00432387
0.00951745
0.00993194
0.00872879
0.00947119
0.00993904
0.00852519
0.00947148
0.00977428
0.00733114
0.00825314
0.00153981
0.00789362
0.00965254
0.00603559
0.00997381
0.00978791
0.0127381
0.0127239
0.00996406
0.0103102
0.0151509
0.0135704
0.01001
0.0104041
0.00948715
0.00873248
0.00999622
0.010594
0.00948607
0.00996076
0.009653
0.00977396
0.00852702
0.00985233
0.0099986
0.00155265
0.00993651
0.00988402
0.00928793
0.0095178
0.0095146
0.00995438
0.0102782
0.0100253
0.0131581
0.00984987
0.0100038
0.0101045
0.0105905
0.0106827
0.013444
0.0101136
0.0101131
0.00999311
0.0100442
0.00999157
0.0106898
0.0147162
0.0147302
0.0109191
0.0100379
0.00998212
0.0103064
0.00999199
0.0106891
0.0100875
0.0138848
0.0101146
0.0100435
0.00999314
0.0101137
0.0100379
0.0109192
0.0109055
0.0100366
0.00995837
0.00989268
0.00999876
0.00999947
0.00992441
0.00998338
0.00999035
0.00999349
0.00999267
0.00999178
0.0100057
0.010699
0.0104218
0.0107095
0.010012
0.0100043
0.0167817
0.0151978
0.0168038
0.0100119
0.0101268
0.013243
0.0141164
0.0132313
0.0101332
0.0100292
0.0143584
0.0165091
0.0101328
0.0100032
0.0167792
0.0151933
0.0167883
0.0100104
0.0100041
0.00997288
0.010706
0.00999534
0.00997919
0.0100088
0.0099993
0.0104234
0.00999283
0.0106991
0.0132239
0.0141143
0.0132419
0.0101248
0.0100388
0.0142061
0.0165148
0.0143732
0.0100283
0.0100391
0.0142287
0.0101768
0.00998634
0.0173146
0.0129413
0.0100112
0.010423
0.0099643
0.0103123
0.0101776
0.00998669
0.0109421
0.0109364
0.00733216
0.00999884
0.00995456
0.00992428
0.00999621
0.00959867
0.00978569
0.00604118
0.00433603
0.00989614
0.00989492
0.00997182
0.00999876
0.00995817
0.00456381
0.00943097
0.00996066
0.000691429
0.0086691
0.00949685
0.00895493
0.00997097
0.00977236
0.00946864
0.000696431
0.00220019
0.00989049
0.0098836
0.00943108
0.00994992
0.00999807
0.0102778
0.0101087
0.00984987
0.0100275
0.0105881
0.0131486
0.0135396
0.0100262
0.00985948
0.0102812
0.00995182
0.0100018
0.0100943
0.0105922
0.0131501
0.0134521
0.0106788
0.0106789
0.00993115
0.00989214
0.00993141
0.0098518
0.0099545
0.0097724
0.00996827
0.00999688
0.00949675
0.00947011
0.00989613
0.00456257
0.00316164
0.00996425
0.0103129
0.00996401
0.0103105
0.0150854
0.0135379
0.012727
0.0127359
0.0101768
0.00998618
0.0104
0.0100099
0.0102782
0.0135195
0.00760428
0.00928792
0.00999197
0.0106908
0.010037
0.0109045
0.00951464
0.00989386
0.0100967
0.00986195
0.0106774
0.0100285
0.00994794
0.0100872
0.0138917
0.0138903
0.0100856
0.0138905
0.0100856
0.0099932
0.010043
0.0103473
0.00998835
0.0165889
0.0165897
0.00998573
0.0101766
0.0173085
0.0129398
0.0104243
0.0100112
0.00675024
0.00992785
0.00999739
0.0131459
0.00929345
0.00867354
0.00317551
0.00987584
0.00317835
0.00808332
0.00867732
0.00712499
0.00928545
0.00674683
0.00959612
0.0099932
0.0100435
0.014723
0.014726
0.010689
0.00999146
0.00712375
0.00992999
0.0129394
0.0173113
0.00808197
0.0097604
0.00988276
0.00961623
0.003854
0.00856308
0.00554529
0.00910858
0.00747213
0.00883811
0.00786934
0.00880679
0.00804154
0.00925364
0.00991696
0.00985626
0.00921023
0.00166165
0.00795753
0.0026374
0.00925634
0.00973202
0.00935144
0.00699178
0.0086884
0.00852132
0.00878605
0.0086903
0.00912205
0.00934968
0.00935141
0.00911972
0.00868799
0.00878002
0.0098538
0.0017541
0.00805387
0.00786831
0.00747115
0.00975566
0.00962464
0.00859644
0.0026572
0.0088175
0.00997354
0.0085285
0.00697377
0.009296
0.00988247
0.00524324
0.00992525
0.00794486
0.00881476
0.00910079
0.00386513
0.00852491
0.00868859
0.00912903
0.00524266
0.00695526
0.00925683
0.00524935
0.00960161
0.00852872
0.00883658
0.0055739
0.00426862
0.00918959
0.00876659
0.00992549
0.00179191
0.00987975
0.00268728
0.00973516
0.00636595
0.00271194
0.00985965
0.00971418
0.00423665
0.00577907
0.00919367
0.0092723
0.00224557
0.00816696
