 0.0100058
 0.0100518
 0.0100197
 0.0100084
0.00999142
 0.0100029
 0.0100142
 0.0100058
0.00999991
 0.0100158
 0.0100195
 0.0100152
 0.0100825
 0.0100506
 0.0100062
0.00998101
   0.01003
  0.010033
0.00991261
  0.010403
 0.0101962
 0.0102271
 0.0100499
 0.0100073
 0.0101893
 0.0100339
0.00994736
0.00997056
0.00991261
 0.0100303
 0.0103906
 0.0100085
 0.0100472
 0.0100952
0.00992881
0.00999672
 0.0099956
0.00998474
0.00998462
 0.0101113
 0.0102055
 0.0100462
 0.0100023
 0.0100442
 0.0100062
 0.0100758
 0.0100148
 0.0103582
 0.0113876
 0.0101367
0.00995359
 0.0100213
 0.0100138
0.00998537
 0.0100251
  0.010009
 0.0101392
 0.0102595
 0.0100853
 0.0100715
 0.0100098
 0.0106185
 0.0100148
 0.0100234
 0.0099766
 0.0113876
  0.010066
 0.0105806
0.00995115
 0.0100539
 0.0111944
 0.0110441
 0.0100047
 0.0113981
 0.0113344
0.00998841
 0.0116804
 0.0105067
 0.0100536
 0.0100781
 0.0103462
 0.0112954
 0.0105201
 0.0102174
 0.0102209
 0.0100053
 0.0101794
 0.0111527
 0.0104597
 0.0102306
 0.0105251
 0.0100479
 0.0100476
  0.010154
  0.010212
0.00994025
0.00998919
 0.0100556
0.00997661
 0.0104066
 0.0101083
 0.0123021
 0.0110184
 0.0103139
 0.0103244
 0.0104238
 0.0123551
 0.0101747
 0.0116061
 0.0102938
 0.0101209
 0.0103107
 0.0101083
0.00872005
0.00551387
 0.0095903
0.00957871
 0.0100168
   0.01002
 0.0105573
 0.0101497
 0.0102914
0.00994901
 0.0102962
 0.0101488
  0.010036
 0.0102163
 0.0112478
 0.0100325
 0.0102178
 0.0107601
 0.0100589
0.00995917
 0.0101751
 0.0102566
  0.011129
 0.0103362
 0.0101894
 0.0103364
 0.0100166
0.00999072
  0.009997
 0.0103358
 0.0113664
 0.0101221
 0.0112871
 0.0100692
0.00998786
 0.0101741
 0.0100505
 0.0100182
 0.0102691
  0.010066
 0.0100106
 0.0103691
 0.0102858
   0.01221
 0.0103389
 0.0100251
 0.0106113
 0.0100176
  0.010043
0.00875207
0.00874745
0.00999698
0.00976779
0.00642658
0.00745925
0.00999603
0.00972049
 0.0100977
  0.010182
 0.0100807
 0.0096814
 0.0100819
0.00999624
 0.0100187
 0.0100099
 0.0102296
 0.0100039
 0.0100286
 0.0121834
 0.0100656
 0.0100033
 0.0100687
 0.0100814
 0.0100477
0.00993802
0.00984958
 0.0100278
0.00917868
0.00989899
0.00993207
0.00979875
0.00980244
0.00968854
 0.0082645
 0.0100007
0.00999855
0.00999982
 0.0099748
0.00999391
0.00967656
0.00716266
0.00715252
0.00945396
0.00999374
  0.009983
0.00943316
0.00999368
 0.0096655
0.00972171
0.00885857
0.00997546
0.00998577
0.00999983
0.00998182
0.00998708
0.00944065
0.00950243
 0.0100009
 0.0100009
 0.0100106
 0.0100245
 0.0100098
0.00999736
0.00995405
 0.0100384
 0.0100552
 0.0100045
0.00979629
 0.0100214
0.00962274
0.00949251
0.00956826
0.00991296
 0.0100533
0.00546687
0.00616974
0.00554154
0.00991873
 0.0100587
0.00855181
0.00766806
0.00846298
0.00989903
  0.010088
0.00772809
0.00707834
0.00991347
 0.0100796
0.00547089
0.00600683
0.00553746
0.00994879
 0.0100692
 0.0101837
0.00955194
0.00995105
 0.0100501
0.00997464
0.00992997
 0.0095357
0.00998804
0.00960966
0.00845791
0.00793211
0.00853262
 0.0100771
0.00991051
0.00747384
 0.0071283
0.00774267
 0.0101014
0.00990147
 0.0074738
0.00998322
0.00999908
0.00554895
0.00873611
0.00999571
0.00968728
0.00999717
0.00977414
 0.0099685
0.00999275
0.00957923
0.00959529
 0.0103817
 0.0100168
0.00999492
0.00999893
 0.0100807
 0.0100502
 0.0100972
 0.0106505
 0.0112955
 0.0100039
 0.0100201
 0.0100512
 0.0100245
  0.010006
 0.0109949
 0.0100371
0.00999783
 0.0116434
 0.0101814
 0.0100293
 0.0101243
 0.0100186
 0.0100062
 0.0100597
 0.0117221
 0.0113075
0.00999716
 0.0100022
 0.0100387
 0.0100052
 0.0100432
0.00990571
0.00975275
0.00990107
0.00994954
0.00977288
0.00900896
0.00857874
 0.0100059
0.00978039
0.00982425
0.00998881
0.00995549
0.00991297
0.00970875
0.00918639
0.00827971
0.00976727
0.00970759
 0.0100049
 0.0100209
0.00999889
 0.0100027
0.00999528
 0.0100069
 0.0100725
 0.0100534
 0.0100285
 0.0100661
 0.0100091
 0.0110165
 0.0111756
0.00999713
0.00978059
0.00999692
0.00977153
0.00635238
 0.0077241
0.00874699
0.00874625
0.00997568
 0.0100025
0.00971732
0.00999603
0.00987484
0.00858703
 0.0103237
 0.0100722
 0.0099936
0.00966617
 0.0100032
0.00950577
 0.0100596
 0.0100393
0.00987499
0.00977544
0.00979866
0.00994666
 0.0100526
0.00973106
0.00886503
0.00886054
 0.0097091
0.00885781
0.00970361
0.00999984
0.00999925
0.00938256
  0.009981
0.00696099
0.00708541
 0.0100096
 0.0099907
0.00551207
0.00874002
0.00968946
0.00999573
 0.0105227
0.00997796
 0.0100574
0.00901304
  0.010073
 0.0101882
 0.0112641
 0.0099961
 0.0112208
 0.0101987
 0.0101865
 0.0105033
 0.0100948
 0.0105718
  0.010098
0.00999984
0.00998943
0.00711658
0.00711506
0.00967492
0.00999395
 0.0105054
0.00999413
0.00875266
0.00555139
 0.0102076
0.00999428
 0.0100268
 0.0100384
 0.0116243
  0.010312
 0.0107215
 0.0101046
 0.0102703
 0.0100914
 0.0103086
  0.010142
 0.0103405
 0.0101214
 0.0100575
 0.0100293
 0.0102099
 0.0126011
  0.010294
 0.0112962
 0.0100834
 0.0100783
 0.0102138
 0.0105946
 0.0100921
 0.0103628
 0.0101828
 0.0100913
 0.0100981
  0.010218
 0.0101544
 0.0100759
 0.0101088
 0.0102306
 0.0100551
 0.0124922
 0.0103345
 0.0103059
 0.0102855
 0.0100079
 0.0100128
 0.0102874
 0.0112922
 0.0101062
0.00998867
 0.0103858
 0.0106089
 0.0100337
 0.0100004
 0.0108008
 0.0100198
 0.0103689
 0.0101264
 0.0101114
 0.0117064
 0.0103984
 0.0101117
 0.0100805
 0.0107588
 0.0105674
 0.0100163
 0.0107986
0.00997296
 0.0104114
 0.0100893
 0.0106812
 0.0115325
  0.010172
 0.0101746
0.00999268
 0.0124408
 0.0100686
 0.0112896
 0.0100541
 0.0106122
 0.0112882
0.00997465
 0.0100188
 0.0116234
   0.01069
 0.0102274
 0.0101473
 0.0124085
 0.0102578
