 0.0100008
0.00995515
0.00998219
0.00995471
 0.0100422
0.00996942
 0.0100435
0.00993519
0.00990095
 0.0100454
0.00998057
 0.0100106
0.00982811
0.00995516
0.00999996
0.00993294
0.00995109
0.00994874
0.00999302
0.00971734
 0.0098272
0.00986782
0.00984926
0.00999977
0.00987224
0.00986756
0.00985131
 0.0100444
 0.0100127
0.00995735
0.00973045
0.00995519
0.00995553
0.00977613
 0.0100357
0.00995665
 0.0100463
 0.0100333
 0.0098568
0.00979725
 0.0098299
0.00995546
0.00992831
0.00994386
0.00991497
0.00988382
0.00998357
0.00973984
0.00815723
0.00955803
0.00992422
0.00995171
 0.0100073
 0.0085707
0.00995321
0.00994355
0.00957159
0.00986632
0.00982578
0.00988267
0.00992305
0.00925183
0.00998422
0.00996273
0.00998106
0.00817146
0.00919175
0.00927184
0.00859914
0.00982487
0.00814937
0.00910258
0.00999984
0.00829556
 0.0081546
 0.0100494
0.00712266
0.00926471
 0.0102803
0.00914351
0.00973143
0.00907713
0.00948414
0.00995826
 0.0101818
 0.0100435
0.00947214
0.00818581
0.00925426
0.00970631
0.00950411
0.00982921
 0.0100114
0.00958404
0.00985675
   0.01004
0.00996069
0.00986522
 0.0100022
0.00932286
0.00980837
0.00695282
0.00913466
0.00970646
0.00964477
0.00930916
0.00636932
0.00949222
0.00727214
0.00947971
0.00985308
0.00957027
0.00981886
 0.0108456
 0.0117143
 0.0109551
 0.0110167
 0.0099707
0.00995566
0.00951547
0.00921325
0.00947686
0.00996724
0.00970838
0.00958284
   0.01001
0.00971839
0.00909487
 0.0100449
0.00984445
0.00888772
0.00956016
0.00991701
0.00975502
0.00956955
0.00817155
0.00934857
0.00947857
 0.0098693
0.00997693
0.00995811
0.00998003
0.00973056
0.00817643
0.00957519
0.00845951
0.00921892
0.00996266
0.00983531
0.00984529
 0.0100373
0.00986481
0.00986009
0.00997363
0.00973418
0.00985585
0.00705305
0.00938542
0.00983019
0.00926358
 0.0085703
0.00992047
  0.011834
 0.0118154
 0.0100593
 0.0102768
 0.0109466
 0.0101075
 0.0099132
 0.0102389
0.00982245
0.00984118
0.00999948
 0.0106743
0.00985911
 0.0100005
0.00983118
0.00996643
0.00985961
 0.0100426
  0.010035
0.00648861
 0.0100413
  0.010009
0.00982759
 0.0092597
0.00994591
 0.0100796
 0.0102558
  0.010827
 0.0109603
 0.0113461
0.00992041
 0.0102025
 0.0105902
 0.0111872
 0.0116015
 0.0102943
 0.0102347
 0.0100406
 0.0100608
0.00997352
 0.0101046
  0.012103
 0.0121395
 0.0106664
 0.0108085
  0.010068
0.00984198
0.00996234
 0.0101625
 0.0115122
 0.0109034
 0.0102738
 0.0100174
 0.0100681
 0.0102183
  0.010874
 0.0106275
 0.0106834
 0.0108186
0.00997811
 0.0100446
0.00998955
 0.0100305
0.00999942
 0.0100633
0.00994872
 0.0100681
0.00996108
 0.0101071
 0.0100141
 0.0101826
0.00975792
 0.0101831
 0.0100325
 0.0103351
 0.0118908
 0.0107813
 0.0117817
 0.0103062
 0.0101544
 0.0109154
 0.0100754
 0.0108065
 0.0101379
 0.0102391
 0.0120691
 0.0119011
 0.0101588
 0.0102469
 0.0117191
 0.0108698
 0.0117424
 0.0102417
 0.0100856
 0.0100685
 0.0101103
0.00997259
 0.0100374
 0.0100587
 0.0100597
0.00985387
0.00997319
 0.0101177
 0.0108421
 0.0101258
 0.0108019
 0.0101451
 0.0102882
 0.0118476
 0.0117871
 0.0120263
 0.0102778
 0.0102311
 0.0118764
 0.0101646
 0.0102506
 0.0116449
 0.0107694
0.00992483
 0.0102532
 0.0100584
 0.0102717
  0.010146
 0.0103124
 0.0109231
 0.0110222
0.00972919
 0.0098471
0.00995431
0.00999902
 0.0100178
0.00993809
0.00992873
0.00927448
0.00842725
0.00992854
0.00991899
0.00858623
 0.0099678
0.00996098
0.00914162
0.00995414
 0.0099995
0.00725951
0.00949482
0.00995298
0.00957811
 0.0100339
0.00998308
0.00988875
0.00725167
0.00816537
0.00998523
 0.0100099
0.00995776
 0.0100519
0.00991269
 0.0102361
 0.0102852
 0.0115926
 0.0108523
 0.0107114
 0.0108743
 0.0117555
  0.010862
 0.0113544
 0.0102424
  0.010069
0.00991192
 0.0102015
 0.0106964
 0.0108758
 0.0115925
 0.0111078
 0.0112306
0.00994951
 0.0100439
0.00994555
 0.0100434
 0.0099542
0.00998506
 0.0100422
0.00985163
 0.0099597
 0.0098981
0.00991012
0.00909058
0.00815099
  0.010078
 0.0101975
 0.0100584
 0.0101932
 0.0107999
 0.0100316
 0.0116544
 0.0116677
 0.0101432
 0.0103116
 0.0102117
0.00992411
   0.01025
 0.0117364
0.00973629
0.00982689
 0.0099693
 0.0101038
 0.0108025
 0.0106805
0.00994574
0.00992441
 0.0102854
 0.0114892
 0.0111818
 0.0108211
 0.0100737
 0.0113011
 0.0108623
 0.0109088
 0.0113504
  0.010882
 0.0114929
 0.0100808
 0.0100028
0.00988491
 0.0100683
 0.0113173
 0.0112809
 0.0102428
 0.0101552
  0.011775
  0.010809
 0.0102404
0.00993355
0.00923722
 0.0100462
0.00992103
 0.0108914
 0.0102512
 0.0100089
0.00913628
0.00995754
0.00908544
0.00969735
  0.010164
0.00951522
 0.0102543
0.00925275
 0.0099419
 0.0100529
 0.0100861
 0.0119258
  0.011971
 0.0101628
0.00994647
0.00953396
0.00995935
 0.0108432
 0.0118058
0.00971428
 0.0100112
0.00992904
0.00989715
0.00848391
 0.0101356
0.00874385
0.00957642
0.00971058
0.00981497
0.00959819
0.00986019
0.00948024
0.00986054
0.00996609
0.00995186
0.00986698
0.00653323
0.00954808
0.00838349
 0.0098521
0.00989965
0.00925367
0.00950567
0.00981667
0.00932232
0.00983867
0.00982606
0.00958313
0.00918792
0.00918234
0.00957411
0.00983629
 0.0098456
0.00995298
0.00653471
0.00946297
0.00958902
0.00971437
 0.0100104
0.00988952
0.00999931
 0.0083008
0.00984101
0.00994965
0.00937827
0.00949261
 0.0102505
0.00990699
0.00873667
 0.0100428
0.00956316
0.00986238
0.00957003
0.00843076
 0.0093094
0.00981672
0.00958675
 0.0087176
0.00949094
0.00983527
0.00877284
0.00994009
0.00938074
0.00982165
0.00870933
0.00867196
 0.0100808
 0.0098345
 0.0100452
0.00649836
0.00991378
0.00838504
0.00989981
0.00873994
0.00842646
0.00993965
 0.0098396
0.00852791
0.00862003
0.00977596
 0.0101293
0.00714951
0.00958053
