0.0100018
0.010037
0.0100111
0.0100019
0.00999981
0.0100029
0.01001
0.0100052
0.0100079
0.01001
0.0100111
0.0100092
0.0100719
0.010037
0.010001
0.0100137
0.010024
0.0100713
0.00999824
0.0103171
0.0101944
0.0103289
0.0100846
0.0100019
0.010328
0.0100843
0.00999887
0.00999944
0.00999824
0.0100241
0.0103168
0.010002
0.0100316
0.0100971
0.010001
0.0100028
0.0100113
0.0100021
0.00999967
0.0100977
0.0101947
0.0100315
0.0100141
0.0100715
0.010008
0.0100714
0.0100052
0.0102807
0.0112913
0.0101393
0.0100359
0.0100558
0.0100091
0.0100003
0.0100079
0.0100053
0.0101391
0.0104075
0.0100719
0.0100712
0.010037
0.0109083
0.0100052
0.010005
0.0099995
0.0113659
0.0100897
0.010907
0.00999964
0.0100344
0.0111374
0.0108232
0.010001
0.0113671
0.0112912
0.010005
0.0125403
0.0107516
0.0100531
0.0100897
0.0102802
0.0110172
0.0105214
0.010177
0.0101764
0.0100115
0.0102299
0.0111354
0.0107497
0.0101944
0.0105215
0.0100342
0.0100196
0.0101226
0.0104059
0.0100039
0.0100052
0.0101174
0.0099995
0.01039
0.0100914
0.0122702
0.0108213
0.0102582
0.010319
0.0103914
0.0122716
0.01023
0.0125376
0.0103428
0.0101128
0.010319
0.0100913
0.00861074
0.0057348
0.00965178
0.00965134
0.0100051
0.0100078
0.0105403
0.0101363
0.0103547
0.0100044
0.0102579
0.0101274
0.0100204
0.0101939
0.0110171
0.0100053
0.0101755
0.0106493
0.0100747
0.0100136
0.0101394
0.0102104
0.0111346
0.0103905
0.0102306
0.0104089
0.0100059
0.0100071
0.0100048
0.0102803
0.0112908
0.010139
0.0113668
0.0100898
0.0100043
0.0101944
0.0100846
0.0100056
0.0103296
0.0100849
0.0100238
0.0103164
0.0104076
0.0122702
0.0103901
0.0100337
0.0109076
0.010001
0.0100377
0.00872382
0.00872574
0.0099961
0.00971449
0.00598345
0.00823263
0.00999675
0.00978644
0.0100974
0.0101942
0.0100018
0.00974962
0.0100973
0.0100008
0.0100335
0.0100238
0.0103287
0.0100098
0.0100004
0.0122714
0.0100065
0.0100089
0.0100716
0.0100901
0.0100716
0.00999372
0.00987126
0.00998369
0.00908819
0.00971499
0.00999449
0.00978318
0.0097553
0.00979368
0.00835668
0.0099884
0.00998841
0.00999978
0.00998092
0.00999295
0.00962545
0.00717881
0.007176
0.00959409
0.00999648
0.00998914
0.00961012
0.00999294
0.00962513
0.00955244
0.0088335
0.00998783
0.00998115
0.00999978
0.00998806
0.00999635
0.00959395
0.0095984
0.00999668
0.0100029
0.0100116
0.0100006
0.0100002
0.0100016
0.00999837
0.00999508
0.00999341
0.0099944
0.00999543
0.00999487
0.00953372
0.00951829
0.00953297
0.00999266
0.010001
0.00569422
0.00601171
0.00570736
0.009998
0.00998843
0.00839512
0.00804104
0.00837119
0.00998394
0.0100003
0.00768161
0.00700823
0.00998411
0.0100016
0.00569461
0.00601194
0.00570782
0.00999815
0.009996
0.0100029
0.00953238
0.00999303
0.0100005
0.00999405
0.00999054
0.00951661
0.00999461
0.00953382
0.00837104
0.00804112
0.00839523
0.00998888
0.00999686
0.00737449
0.0070081
0.00768007
0.0100004
0.00999645
0.0073725
0.00997979
0.00999999
0.00573888
0.0086117
0.00999679
0.00978778
0.0099961
0.00971475
0.00997944
0.00999977
0.00965116
0.0096519
0.0103166
0.0100003
0.0100017
0.0100017
0.0100018
0.0100564
0.0100388
0.0109087
0.0113658
0.010008
0.0100145
0.0100016
0.0100006
0.010003
0.0108208
0.0100367
0.0100008
0.0125381
0.0102301
0.0100311
0.0101388
0.0100028
0.0100108
0.0100711
0.0125412
0.0112908
0.0100048
0.0100089
0.0100368
0.00999501
0.00999718
0.00987202
0.00978255
0.00971489
0.00998217
0.0097555
0.00907627
0.00852692
0.00998359
0.00971207
0.00987009
0.00999461
0.00999549
0.00978592
0.00974957
0.0090886
0.00835488
0.00979858
0.0097943
0.0100052
0.0100119
0.010005
0.0100097
0.0100017
0.0100109
0.010004
0.010001
0.0100311
0.0100712
0.0100082
0.0108226
0.0111366
0.0099961
0.0097148
0.0099961
0.00971458
0.00597657
0.00825375
0.00872537
0.00872388
0.00997973
0.00999996
0.00978645
0.00999675
0.00987121
0.00852889
0.0102797
0.0100717
0.00999294
0.00962507
0.00999665
0.00959849
0.010072
0.0100147
0.00978482
0.00971191
0.009799
0.00998208
0.00999647
0.00955264
0.00883326
0.00883287
0.00955206
0.00883226
0.00955192
0.00999978
0.00998175
0.00961313
0.00998942
0.00688683
0.00688907
0.0100002
0.00997993
0.00573517
0.00861085
0.00978772
0.00999679
0.0107512
0.0100043
0.00999747
0.00907597
0.0100547
0.0101769
0.0110164
0.0100073
0.0110165
0.0101935
0.0101763
0.0105221
0.0100539
0.0107528
0.0100573
0.00999978
0.0099812
0.00717766
0.00717706
0.00962538
0.00999294
0.0105215
0.0100043
0.00861187
0.00573937
0.0101939
0.0100193
0.0100151
0.010044
0.0114263
0.0102119
0.0105748
0.0101265
0.0102573
0.0100909
0.0103189
0.0101134
0.0103441
0.0101187
0.0100066
0.0100142
0.0101553
0.0123144
0.0102937
0.0112405
0.010118
0.0100338
0.0101374
0.0105409
0.010092
0.0102732
0.0101863
0.010092
0.010072
0.0101366
0.0101351
0.0100716
0.0100924
0.0101875
0.0100135
0.0121623
0.0103551
0.0103191
0.0102576
0.0100187
0.0100472
0.0102361
0.0112403
0.0101165
0.010001
0.0102825
0.0105066
0.010054
0.0100131
0.0106488
0.0100053
0.0102753
0.0101168
0.0101217
0.0115294
0.0102745
0.0100924
0.0100752
0.0106492
0.0105055
0.0101166
0.0106488
0.0100547
0.0102824
0.010091
0.0105776
0.0113302
0.0100936
0.0101748
0.0100044
0.0121559
0.0100144
0.0112361
0.0100362
0.0104866
0.0112369
0.010013
0.010048
0.0114252
0.0105515
0.0101401
0.0101018
0.0121746
0.0102666
