 0.0100104
 0.0100709
 0.0100302
 0.0100151
0.00998262
  0.010006
 0.0100188
 0.0100056
0.00999558
 0.0100219
 0.0100269
 0.0100215
 0.0100971
 0.0100617
 0.0100109
0.00995361
  0.010053
  0.010025
0.00982665
  0.010499
 0.0101916
 0.0102854
 0.0100579
 0.0100121
 0.0101784
 0.0100207
0.00989625
0.00994175
0.00982664
 0.0100453
 0.0104334
  0.010015
 0.0100673
 0.0100889
0.00985782
0.00999198
0.00998473
0.00996749
0.00996892
 0.0101137
 0.0102083
 0.0100586
0.00999678
 0.0100535
   0.01001
 0.0100795
 0.0100262
 0.0104451
 0.0119069
 0.0101632
0.00988653
 0.0100135
 0.0100184
0.00996956
 0.0100476
 0.0100135
 0.0101557
 0.0103147
 0.0101137
 0.0100713
 0.0100014
 0.0106971
 0.0100236
 0.0100467
0.00995253
 0.0113559
 0.0100422
 0.0105766
0.00990389
 0.0100852
 0.0116838
 0.0110959
  0.010009
 0.0113754
 0.0115364
0.00997311
 0.0119973
 0.0105435
 0.0100425
 0.0100711
 0.0103865
 0.0114031
 0.0104976
  0.010221
 0.0102238
 0.0100053
 0.0101903
 0.0113442
 0.0104321
 0.0102634
  0.010491
 0.0100628
 0.0100766
 0.0101827
 0.0101894
0.00988078
0.00997512
 0.0100483
0.00995254
 0.0103822
 0.0101157
 0.0122559
 0.0110358
 0.0103678
 0.0103083
 0.0103963
 0.0122564
 0.0101601
 0.0116911
 0.0102767
 0.0101087
 0.0103182
 0.0101097
 0.0085972
0.00561055
0.00966224
0.00965242
  0.010026
 0.0100317
 0.0104716
 0.0100369
 0.0102215
0.00989727
 0.0103124
 0.0101519
 0.0100467
 0.0102272
 0.0112552
 0.0100621
 0.0102345
 0.0106531
 0.0100396
0.00990756
 0.0101236
 0.0102048
 0.0112311
 0.0103857
 0.0102155
 0.0104607
 0.0100302
0.00997424
0.00998963
 0.0103948
 0.0118154
 0.0101477
 0.0113897
 0.0100781
0.00996865
 0.0101853
 0.0100534
 0.0100338
 0.0103728
 0.0100884
 0.0100033
 0.0103801
 0.0103236
  0.012307
 0.0103978
 0.0100238
 0.0106266
 0.0100339
 0.0100621
0.00876098
0.00876898
0.00999632
0.00973481
0.00605139
0.00800275
0.00999637
 0.0097681
 0.0101268
  0.010196
 0.0101648
0.00965677
 0.0101013
0.00999136
 0.0100044
 0.0100105
 0.0102519
0.00999851
  0.010059
 0.0123093
 0.0101269
0.00999802
 0.0100669
 0.0101046
 0.0100522
 0.0098764
0.00984271
 0.0100537
0.00907738
0.00990048
0.00986652
0.00974238
0.00979872
0.00968974
0.00822424
 0.0100121
 0.0100074
0.00999976
0.00996015
0.00999193
0.00957871
0.00716044
0.00715119
0.00954984
0.00998722
0.00998928
0.00962001
0.00999283
0.00962273
0.00967929
0.00869794
0.00996109
0.00998258
0.00999978
0.00997386
0.00998404
0.00954657
0.00960699
 0.0100117
0.00999901
 0.0100135
 0.0100487
 0.0100192
0.00999278
0.00991147
 0.0100859
 0.0101181
 0.0100072
0.00958985
 0.0100519
0.00950062
0.00953148
0.00948364
0.00982723
  0.010118
0.00573214
0.00604101
0.00567263
0.00983692
  0.010138
0.00828895
0.00790947
0.00835256
0.00982038
 0.0101754
 0.0076416
0.00701912
0.00984477
 0.0101649
0.00572978
0.00615823
0.00563321
0.00989726
 0.0101463
 0.0103692
0.00946557
0.00990469
 0.0100952
0.00995192
0.00986315
0.00934757
0.00997867
0.00947719
0.00837831
0.00777236
0.00826767
  0.010164
0.00982503
0.00741086
0.00703141
0.00766969
  0.010198
0.00981062
0.00741743
0.00998343
 0.0099967
0.00580929
0.00856931
 0.0099961
0.00972642
0.00999607
 0.0097132
0.00995508
0.00998364
0.00964295
0.00965905
 0.0104524
 0.0100332
0.00998826
0.00999578
 0.0101648
 0.0100676
 0.0101778
 0.0107551
 0.0114078
 0.0100026
 0.0100304
 0.0101014
 0.0100487
 0.0100094
 0.0109814
 0.0100337
0.00999458
 0.0117178
 0.0101909
 0.0100301
 0.0101327
 0.0100359
 0.0100005
 0.0100622
 0.0120498
  0.011413
0.00998913
0.00999575
 0.0100429
 0.0100186
 0.0100848
0.00993883
0.00964072
0.00990297
0.00992997
0.00982232
0.00887122
 0.0086253
 0.0100101
0.00971562
 0.0097343
0.00997723
0.00991503
0.00993158
 0.0096397
0.00909904
0.00825847
0.00982735
0.00973626
 0.0100062
 0.0100358
 0.0099939
0.00999611
 0.0099893
 0.0100034
 0.0101459
 0.0101088
 0.0100228
 0.0100741
 0.0100135
 0.0110394
 0.0115959
0.00999586
0.00971762
0.00999597
 0.0097301
0.00598464
0.00830198
0.00872045
0.00873286
0.00996768
 0.0100029
 0.0097658
0.00999644
0.00982518
0.00864403
 0.0103319
 0.0100856
 0.0099923
0.00960567
 0.0100019
0.00961513
 0.0100832
 0.0100728
0.00985175
0.00969437
0.00989839
0.00990607
 0.0101066
0.00968582
0.00871925
0.00876815
 0.0096579
0.00876421
0.00965883
0.00999977
 0.0100101
0.00951917
0.00998604
0.00687042
0.00691125
 0.0100204
0.00999817
0.00558244
0.00863431
0.00973023
0.00999622
 0.0105444
0.00995019
 0.0101205
0.00889871
 0.0100859
 0.0102206
 0.0113434
0.00998672
 0.0111905
 0.0101911
 0.0102268
 0.0105294
  0.010136
 0.0106634
  0.010165
0.00999976
0.00998953
0.00718891
0.00716844
0.00959062
0.00999226
  0.010528
0.00998239
0.00858461
0.00580575
 0.0102269
0.00996488
 0.0100405
 0.0100186
 0.0114299
 0.0102194
 0.0105752
 0.0100618
 0.0102535
 0.0100737
 0.0103306
 0.0101525
 0.0103581
 0.0101755
 0.0101104
 0.0100421
 0.0101971
 0.0123122
 0.0102948
  0.011244
 0.0101003
 0.0101136
 0.0101654
 0.0105482
 0.0100845
 0.0102236
 0.0101271
 0.0100746
 0.0101071
 0.0102043
 0.0100796
 0.0100659
 0.0101123
 0.0102194
 0.0100936
 0.0122508
 0.0103007
  0.010316
 0.0103083
0.00999439
0.00996843
 0.0102369
 0.0112411
 0.0100822
0.00997529
 0.0102585
 0.0105662
 0.0100012
0.00998424
 0.0106605
 0.0100321
 0.0103052
 0.0101285
 0.0100959
 0.0114651
 0.0102879
 0.0101232
 0.0100838
 0.0106502
 0.0104872
0.00996946
 0.0106569
0.00991742
 0.0103197
 0.0100783
 0.0105516
 0.0114106
 0.0101382
 0.0101465
0.00997978
 0.0121781
 0.0101193
 0.0112391
 0.0100641
 0.0105088
 0.0112359
0.00993391
0.00996781
 0.0114487
 0.0105645
 0.0102281
 0.0101348
 0.0120924
 0.0102291
