0.0118023
0.0100644
0.00768372
0.0133237
0.00597703
0.00938434
0.00909944
0.010279
0.00529884
0.00980163
0.0100259
0.00985327
0.00982522
0.0146647
0.0100019
0.010714
0.0102758
0.0109492
0.0133335
0.0120037
0.010587
0.011258
0.0110152
0.0108291
0.0115844
0.0107736
0.0109963
0.0103229
0.00867406
0.0096219
0.00709459
0.0106375
0.0101368
0.00978483
0.0108327
0.00999192
0.0100071
0.00997835
0.00990614
0.0106325
0.00584063
0.0103917
0.00751075
0.00916957
0.0098904
0.0101124
0.0100845
0.0122421
0.0102885
0.0107357
0.0097298
0.00987357
0.0100783
0.00996382
0.010076
0.010009
0.0120847
0.0103018
0.00940325
0.0136223
0.00749396
0.0100945
0.0100202
0.00978821
0.00979075
0.00997417
0.0100937
0.00970953
0.0101739
0.0103852
0.00990536
0.00930786
0.00940745
0.00981736
0.0103141
0.00922843
0.0101788
0.0101369
0.00995764
0.00994089
0.0100789
0.0103541
0.0098562
0.0107777
0.0100201
0.00964894
0.010185
0.00721199
0.0101744
0.00766185
0.0096526
0.00985468
0.00978931
0.0101252
0.0107938
0.00991331
0.0101002
0.0067143
0.00826212
0.00922666
0.00903106
0.0106745
0.00953808
0.0100392
0.00610508
0.0102076
0.0099511
0.0121025
0.00928943
0.00987151
0.0102037
0.0101872
0.0100061
0.00827043
0.010033
0.00934207
0.0102758
0.00959209
0.010102
0.0100803
0.0101039
0.00991711
0.0144377
0.0132879
0.0104432
0.0105656
0.00950355
0.0100482
0.00825663
0.0111483
0.00994768
0.0100937
0.00941316
0.0101049
0.010335
0.00969475
0.0101396
0.00946069
0.00925844
0.00993689
0.0103073
0.00878257
0.0100952
0.00808076
0.0112924
0.0100661
0.00895446
0.00982945
0.00954586
0.0102614
0.00917212
0.00163183
0.00986847
0.0105011
0.0100903
0.00971486
0.0100879
0.00532871
0.00301785
0.0101485
0.00863517
0.010575
0.0097999
0.00992142
0.0099678
0.0106893
0.00976163
0.00977889
0.00970234
0.010323
0.0101461
0.00975941
0.00989597
0.00958497
0.0102015
0.00984602
0.0100565
0.0077986
0.00746552
0.00950036
0.00979334
0.0102637
0.0100151
0.00489551
0.00907594
0.0100878
0.0100771
0.0101384
0.00846123
0.00970288
0.00664209
0.00969832
0.00737547
0.00581057
0.00649716
0.0096796
0.0100323
0.010102
0.005223
0.00952919
0.00952884
0.009926
0.0108836
0.00389522
0.00577781
0.00647232
0.0102521
0.00908387
0.00992985
0.0128248
0.0100423
0.00631646
0.00674847
0.00996037
0.00983749
0.00866599
0.00299963
0.00949925
0.00812359
0.00945611
0.00956139
0.0107864
0.00999031
0.00998052
0.011026
0.0116449
0.0101719
0.010229
0.0113488
0.0101442
0.0118694
0.0109113
0.00999956
0.00981064
0.00971296
0.00707681
0.0085503
0.00992063
0.0088309
0.00893766
0.0114465
0.00762064
0.00845986
0.00741276
0.012323
0.00997421
0.0109757
0.00950053
0.01037
0.00994
0.0103457
0.0108865
0.0100011
0.0114843
0.00971197
0.0130358
0.0100942
0.0104025
0.0108063
0.0114083
0.0114506
