2.84482e+06
3.19584e+06
2.66897e+06
2.61451e+06
2.50824e+06
2.55559e+06
2.65386e+06
2.48955e+06
2.51594e+06
2.55035e+06
2.66322e+06
2.49886e+06
2.51832e+06
2.54526e+06
2.48331e+06
2.47241e+06
2.59511e+06
2.61918e+06
2.50225e+06
2.5035e+06
2.70298e+06
2.51559e+06
2.66578e+06
2.49897e+06
2.59201e+06
2.57055e+06
2.55499e+06
2.64446e+06
2.47836e+06
2.74295e+06
2.60571e+06
2.47071e+06
2.75424e+06
2.46488e+06
2.59702e+06
2.68445e+06
2.61498e+06
2.67922e+06
2.59183e+06
2.59933e+06
3.0401e+06
2.69719e+06
2.97875e+06
2.45776e+06
2.61128e+06
2.71378e+06
2.84597e+06
2.97291e+06
2.63812e+06
2.69297e+06
2.80957e+06
2.72119e+06
2.74354e+06
2.94437e+06
2.7663e+06
2.99494e+06
2.78755e+06
2.85088e+06
2.80505e+06
2.9536e+06
2.76094e+06
2.78049e+06
2.60242e+06
2.62731e+06
2.71658e+06
2.48293e+06
2.57729e+06
2.59668e+06
2.5399e+06
2.49052e+06
2.60326e+06
2.51201e+06
2.63459e+06
2.42719e+06
3.8775e+06
2.63387e+06
2.51261e+06
2.51989e+06
2.61742e+06
2.50942e+06
2.48287e+06
2.50228e+06
2.53075e+06
2.60579e+06
2.4862e+06
2.50742e+06
2.94847e+06
3.59536e+06
2.50648e+06
2.46949e+06
2.49564e+06
2.51912e+06
2.54181e+06
2.42335e+06
2.59859e+06
2.44209e+06
2.50575e+06
2.60114e+06
2.50388e+06
2.49867e+06
2.50692e+06
2.59171e+06
3.01924e+06
2.48177e+06
2.58045e+06
2.64658e+06
2.74204e+06
2.62733e+06
2.79392e+06
2.47906e+06
2.76911e+06
2.75653e+06
2.8776e+06
2.63605e+06
2.60174e+06
2.66368e+06
2.65177e+06
2.7037e+06
2.47347e+06
2.96047e+06
2.79083e+06
2.56177e+06
2.48858e+06
2.78216e+06
2.56632e+06
2.73047e+06
2.86899e+06
2.51757e+06
2.50181e+06
2.67286e+06
2.59705e+06
2.74442e+06
2.5432e+06
2.52218e+06
2.50479e+06
2.74051e+06
2.68875e+06
2.74518e+06
2.67069e+06
2.6786e+06
2.67547e+06
2.6244e+06
2.85112e+06
2.71222e+06
2.94122e+06
2.44242e+06
2.74207e+06
2.74042e+06
3.0437e+06
2.9871e+06
2.76494e+06
3.14454e+06
2.63849e+06
2.84464e+06
2.75876e+06
2.73604e+06
2.80439e+06
2.88232e+06
2.70009e+06
2.49263e+06
2.70142e+06
2.46839e+06
2.81038e+06
2.64311e+06
2.79727e+06
2.6767e+06
2.75529e+06
2.61913e+06
2.56859e+06
2.84609e+06
2.98138e+06
2.79002e+06
2.53161e+06
2.69705e+06
2.91069e+06
3.21185e+06
2.67425e+06
2.95365e+06
3.08689e+06
2.7074e+06
2.77477e+06
2.63823e+06
2.74547e+06
2.93133e+06
2.51049e+06
2.57813e+06
3.00304e+06
2.93361e+06
2.49215e+06
2.54648e+06
2.43661e+06
2.49135e+06
2.49324e+06
2.49639e+06
2.40365e+06
2.16006e+06
2.48697e+06
2.42067e+06
2.46545e+06
2.35325e+06
2.62097e+06
2.48378e+06
2.49367e+06
2.30821e+06
2.36906e+06
2.4977e+06
2.486e+06
2.49251e+06
2.39279e+06
2.39594e+06
2.29286e+06
2.50317e+06
2.46302e+06
2.39107e+06
2.49448e+06
2.48716e+06
2.62456e+06
2.45031e+06
2.49748e+06
2.42945e+06
2.46373e+06
2.50374e+06
2.44284e+06
2.48226e+06
2.49267e+06
2.38655e+06
2.45332e+06
2.459e+06
2.49653e+06
2.47646e+06
2.46629e+06
2.4801e+06
2.44231e+06
2.46223e+06
2.63374e+06
2.49491e+06
2.50223e+06
2.47851e+06
2.48401e+06
2.54803e+06
2.50178e+06
2.48978e+06
2.46746e+06
2.46491e+06
2.46342e+06
2.4961e+06
2.4944e+06
2.496e+06
2.49965e+06
2.36997e+06
2.42155e+06
2.3864e+06
2.42919e+06
2.6422e+06
2.50227e+06
2.50341e+06
2.50357e+06
2.40635e+06
2.4395e+06
2.46472e+06
2.37722e+06
2.4974e+06
2.40004e+06
2.36373e+06
2.44115e+06
2.47882e+06
2.50995e+06
2.48627e+06
2.46241e+06
2.45801e+06
2.46753e+06
2.49542e+06
2.49931e+06
2.49795e+06
2.49901e+06
2.49825e+06
2.44202e+06
2.39622e+06
2.44349e+06
2.49043e+06
2.49615e+06
2.38854e+06
2.42098e+06
2.49274e+06
2.49705e+06
2.49769e+06
2.46428e+06
2.61933e+06
2.49842e+06
2.43559e+06
2.48734e+06
2.47026e+06
2.45518e+06
2.49506e+06
2.43695e+06
2.45926e+06
2.44905e+06
2.49212e+06
2.53229e+06
2.49477e+06
2.44382e+06
2.45305e+06
2.46469e+06
2.31366e+06
2.44946e+06
2.50941e+06
2.48474e+06
2.4642e+06
2.45847e+06
2.48898e+06
2.49735e+06
2.49728e+06
2.48753e+06
2.48759e+06
2.4967e+06
2.48646e+06
2.49165e+06
2.49376e+06
2.4953e+06
2.2522e+06
2.28174e+06
2.49646e+06
2.4967e+06
2.6832e+06
2.49476e+06
2.37289e+06
2.49687e+06
2.49672e+06
2.48712e+06
2.32722e+06
2.49063e+06
2.31549e+06
2.34106e+06
2.31444e+06
2.33444e+06
2.40629e+06
2.47329e+06
2.35517e+06
2.49535e+06
2.49688e+06
2.43125e+06
2.49675e+06
2.47507e+06
2.38973e+06
2.24644e+06
2.38133e+06
2.27014e+06
1.88637e+06
2.45875e+06
2.49667e+06
2.49745e+06
2.47372e+06
2.49725e+06
2.4976e+06
2.49631e+06
2.494e+06
2.47939e+06
2.49964e+06
2.49439e+06
2.49114e+06
2.49195e+06
2.4969e+06
2.49043e+06
2.18389e+06
2.34761e+06
2.43747e+06
2.43289e+06
2.53715e+06
2.48277e+06
2.49682e+06
2.45565e+06
2.49506e+06
2.49664e+06
2.4965e+06
2.43329e+06
2.49304e+06
2.40854e+06
2.48591e+06
2.48708e+06
2.4945e+06
2.49506e+06
2.42185e+06
2.43415e+06
2.40787e+06
2.26958e+06
2.49656e+06
2.49676e+06
2.48984e+06
2.32238e+06
2.48994e+06
2.44121e+06
2.51954e+06
2.49179e+06
2.41471e+06
2.29238e+06
2.6421e+06
2.45928e+06
2.46836e+06
2.42146e+06
2.49642e+06
2.29006e+06
2.38397e+06
2.427e+06
2.49344e+06
2.49719e+06
2.49603e+06
2.49646e+06
2.4941e+06
2.37271e+06
2.22847e+06
2.34988e+06
2.37191e+06
2.49662e+06
2.49183e+06
2.46622e+06
2.44367e+06
2.49084e+06
2.4832e+06
2.35939e+06
2.24834e+06
2.48998e+06
2.49577e+06
2.40204e+06
2.3609e+06
2.46183e+06
2.49948e+06
2.62409e+06
2.41872e+06
2.45665e+06
2.44508e+06
2.44822e+06
2.49677e+06
2.44944e+06
2.46334e+06
2.48359e+06
2.49578e+06
2.48246e+06
2.46552e+06
2.52622e+06
2.49474e+06
2.49496e+06
2.48505e+06
2.47435e+06
2.49645e+06
2.42835e+06
2.42988e+06
2.46011e+06
2.45911e+06
2.43118e+06
2.38553e+06
2.48674e+06
2.45255e+06
2.48872e+06
2.5203e+06
2.46966e+06
2.4522e+06
2.66308e+06
2.42322e+06
2.49806e+06
2.49501e+06
2.49488e+06
2.49966e+06
2.50091e+06
2.48012e+06
2.46996e+06
2.4369e+06
2.49056e+06
2.42412e+06
2.48102e+06
2.44313e+06
2.46107e+06
2.49709e+06
2.49856e+06
2.48229e+06
2.39931e+06
2.40318e+06
2.49124e+06
2.43227e+06
2.41897e+06
2.61256e+06
2.49993e+06
2.53521e+06
2.50287e+06
2.4924e+06
2.43699e+06
2.48004e+06
2.4924e+06
2.44437e+06
2.4403e+06
2.47099e+06
2.5019e+06
2.48551e+06
2.48285e+06
2.48639e+06
2.50049e+06
2.50439e+06
2.50899e+06
2.4852e+06
2.50891e+06
2.51867e+06
2.41871e+06
2.41338e+06
2.50705e+06
2.51252e+06
2.5029e+06
1.88142e+06
2.51379e+06
2.41762e+06
2.42116e+06
2.3142e+06
2.41911e+06
2.50561e+06
2.47095e+06
2.44364e+06
2.49764e+06
2.50555e+06
2.42893e+06
2.44996e+06
2.50936e+06
2.50268e+06
2.49932e+06
2.52599e+06
2.45125e+06
2.49189e+06
2.50569e+06
2.4525e+06
2.50866e+06
2.50235e+06
2.54932e+06
2.51108e+06
2.22118e+06
2.50993e+06
2.51307e+06
2.42895e+06
2.51651e+06
2.4415e+06
2.49316e+06
2.47147e+06
2.50646e+06
2.49416e+06
2.6042e+06
2.38973e+06
2.28501e+06
2.50568e+06
2.50257e+06
2.4985e+06
2.50945e+06
2.36767e+06
2.41816e+06
2.27428e+06
2.49666e+06
2.42622e+06
2.63683e+06
2.37506e+06
2.50895e+06
2.51029e+06
2.56805e+06
2.49901e+06
2.2712e+06
2.43668e+06
2.49596e+06
2.46255e+06
2.4711e+06
2.52038e+06
2.50371e+06
2.44099e+06
2.43359e+06
2.48834e+06
2.50401e+06
2.47483e+06
2.49568e+06
2.49223e+06
2.50123e+06
2.60895e+06
2.46517e+06
2.49299e+06
2.46212e+06
2.48854e+06
2.4873e+06
2.49421e+06
2.48663e+06
2.48988e+06
2.54795e+06
2.46078e+06
2.46441e+06
2.47361e+06
2.49635e+06
2.48863e+06
2.49281e+06
2.39775e+06
2.43392e+06
2.41201e+06
2.47392e+06
2.66421e+06
2.48715e+06
2.48615e+06
2.4875e+06
2.48261e+06
2.42888e+06
2.44249e+06
2.49279e+06
2.46026e+06
2.40929e+06
2.41828e+06
2.43451e+06
2.44222e+06
2.61544e+06
2.46365e+06
2.43876e+06
2.43873e+06
2.4447e+06
2.47149e+06
2.48806e+06
2.4596e+06
2.48851e+06
2.47762e+06
2.43514e+06
2.39132e+06
2.41694e+06
2.4664e+06
2.48314e+06
2.40516e+06
2.41373e+06
2.47869e+06
2.45196e+06
2.47939e+06
2.49518e+06
2.53087e+06
2.45168e+06
2.47723e+06
2.47015e+06
2.45808e+06
2.52958e+06
2.45991e+06
2.47313e+06
2.48702e+06
2.44776e+06
2.48247e+06
2.48971e+06
2.49254e+06
2.45351e+06
2.44624e+06
2.55117e+06
2.46119e+06
2.50113e+06
2.45977e+06
2.47387e+06
2.39328e+06
2.45892e+06
2.46322e+06
2.4929e+06
2.49979e+06
2.50021e+06
2.48373e+06
2.48181e+06
2.48912e+06
2.49639e+06
2.49344e+06
2.49309e+06
2.26542e+06
2.44999e+06
2.71332e+06
2.30169e+06
2.49805e+06
2.49967e+06
2.4968e+06
2.50094e+06
2.50055e+06
2.49465e+06
2.42704e+06
2.48383e+06
2.33577e+06
2.36671e+06
2.37717e+06
2.34063e+06
2.41509e+06
2.48145e+06
2.34641e+06
2.49963e+06
2.50074e+06
2.41232e+06
2.49968e+06
2.46017e+06
2.40681e+06
2.27893e+06
2.36378e+06
2.33074e+06
1.91209e+06
2.46427e+06
2.49607e+06
2.49368e+06
2.44988e+06
2.49983e+06
2.50088e+06
2.52529e+06
2.50115e+06
2.43443e+06
2.44219e+06
2.50045e+06
2.48691e+06
2.49716e+06
2.50119e+06
2.48748e+06
2.52499e+06
2.43666e+06
2.35343e+06
2.21547e+06
2.49556e+06
2.46943e+06
2.4947e+06
2.49006e+06
2.4979e+06
2.50035e+06
2.46265e+06
2.50113e+06
2.50116e+06
2.50146e+06
2.48802e+06
2.48462e+06
2.50095e+06
2.4993e+06
2.39436e+06
2.41874e+06
2.50253e+06
2.50142e+06
2.37488e+06
2.30098e+06
2.49263e+06
2.33192e+06
2.65549e+06
2.49535e+06
2.43026e+06
2.47099e+06
2.50183e+06
2.41204e+06
2.52966e+06
2.29749e+06
2.46016e+06
2.48027e+06
2.40702e+06
2.30871e+06
2.3596e+06
2.4317e+06
2.50556e+06
2.50161e+06
2.50025e+06
2.50227e+06
2.50554e+06
2.33496e+06
2.1855e+06
2.36341e+06
2.3684e+06
2.49951e+06
2.49153e+06
2.46325e+06
2.47112e+06
2.50002e+06
2.49002e+06
2.36619e+06
2.22373e+06
2.4982e+06
2.50098e+06
2.4028e+06
2.3887e+06
2.49425e+06
2.62038e+06
2.49453e+06
2.50474e+06
2.45109e+06
2.49389e+06
2.45611e+06
2.45958e+06
2.45023e+06
2.4605e+06
2.42281e+06
2.47064e+06
2.40101e+06
2.48054e+06
2.5048e+06
2.45752e+06
2.49053e+06
2.48464e+06
2.47046e+06
2.42223e+06
2.40787e+06
2.48819e+06
2.39539e+06
2.41747e+06
2.46234e+06
2.41379e+06
2.67033e+06
2.49707e+06
2.46153e+06
2.44561e+06
2.49429e+06
2.45789e+06
2.48222e+06
2.45125e+06
2.48955e+06
2.48609e+06
2.4902e+06
2.45778e+06
2.48755e+06
2.49486e+06
2.49865e+06
2.35634e+06
2.48727e+06
2.41728e+06
2.48178e+06
2.44645e+06
2.47923e+06
2.49525e+06
2.49254e+06
2.46518e+06
2.43168e+06
2.40818e+06
2.48377e+06
2.46319e+06
2.44906e+06
2.49129e+06
2.50109e+06
2.49951e+06
2.4248e+06
2.48018e+06
2.48197e+06
2.49162e+06
2.49606e+06
2.45508e+06
2.49266e+06
2.43033e+06
2.50179e+06
2.63427e+06
2.48822e+06
2.49961e+06
2.51302e+06
2.4995e+06
2.50139e+06
2.43758e+06
2.5e+06
2.50575e+06
2.50454e+06
2.40928e+06
2.39465e+06
1.94924e+06
2.3809e+06
2.41572e+06
2.50245e+06
2.49127e+06
2.39644e+06
2.26181e+06
2.44017e+06
2.45547e+06
2.4381e+06
2.45934e+06
2.48843e+06
2.50558e+06
2.38774e+06
2.39937e+06
2.47528e+06
2.49428e+06
2.50723e+06
2.50306e+06
2.45432e+06
2.48719e+06
2.49941e+06
2.46483e+06
2.50253e+06
2.49916e+06
2.54259e+06
2.49884e+06
2.41966e+06
2.49868e+06
2.49905e+06
2.35437e+06
2.49977e+06
2.407e+06
2.48477e+06
2.49159e+06
2.44361e+06
2.47351e+06
2.61603e+06
2.16702e+06
2.28299e+06
2.49935e+06
2.50303e+06
2.49148e+06
2.49911e+06
2.39154e+06
2.39534e+06
2.35411e+06
2.39014e+06
2.50693e+06
2.45828e+06
2.28624e+06
2.50064e+06
2.49661e+06
2.60086e+06
2.50281e+06
2.45448e+06
2.43139e+06
2.46538e+06
2.50758e+06
2.44783e+06
2.49541e+06
2.49998e+06
2.39132e+06
2.4515e+06
2.46738e+06
2.50205e+06
2.4796e+06
2.47552e+06
2.48462e+06
2.45525e+06
2.63319e+06
2.46182e+06
2.48966e+06
2.54828e+06
2.46698e+06
2.48464e+06
2.46225e+06
2.50376e+06
2.497e+06
2.47711e+06
2.49558e+06
2.46362e+06
2.49537e+06
2.50422e+06
2.50134e+06
2.49629e+06
2.55806e+06
2.37149e+06
2.41982e+06
2.66215e+06
2.38911e+06
2.42905e+06
2.50397e+06
2.50596e+06
2.50705e+06
2.40549e+06
2.38285e+06
2.46612e+06
2.44099e+06
2.49918e+06
2.40116e+06
2.36395e+06
2.43878e+06
2.48014e+06
2.488e+06
2.46196e+06
2.458e+06
2.47055e+06
2.49869e+06
2.5012e+06
2.50073e+06
2.50053e+06
2.50118e+06
2.44197e+06
2.39562e+06
2.44485e+06
2.49198e+06
2.498e+06
2.38596e+06
2.41877e+06
2.49514e+06
2.53091e+06
2.46536e+06
2.57556e+06
2.43542e+06
2.46024e+06
2.45486e+06
2.45302e+06
2.48805e+06
2.44383e+06
2.4993e+06
2.43718e+06
2.49857e+06
2.44879e+06
2.49595e+06
2.46757e+06
2.49791e+06
2.49312e+06
2.49586e+06
2.49873e+06
2.46551e+06
2.44912e+06
2.48496e+06
2.46533e+06
2.49573e+06
2.4589e+06
2.48863e+06
2.49704e+06
2.49688e+06
2.31141e+06
2.48787e+06
2.48881e+06
2.48674e+06
2.49108e+06
2.49408e+06
2.49609e+06
2.25003e+06
2.36827e+06
2.28281e+06
2.68039e+06
2.49655e+06
2.49647e+06
2.49483e+06
2.49609e+06
2.49598e+06
2.48654e+06
2.32749e+06
2.4916e+06
2.31604e+06
2.34255e+06
2.31324e+06
2.33355e+06
2.40657e+06
2.47298e+06
2.35786e+06
2.49481e+06
2.49626e+06
2.43238e+06
2.49625e+06
2.4761e+06
2.38985e+06
2.24726e+06
2.38182e+06
2.26865e+06
1.8868e+06
2.45851e+06
2.49722e+06
2.49825e+06
2.47464e+06
2.49708e+06
2.49708e+06
2.43292e+06
2.54258e+06
2.49557e+06
2.49435e+06
2.4958e+06
2.49112e+06
2.48294e+06
2.50032e+06
2.43315e+06
2.49273e+06
2.3453e+06
2.49146e+06
2.18251e+06
2.49103e+06
2.43713e+06
2.49409e+06
2.45535e+06
2.47889e+06
2.48982e+06
2.40853e+06
2.4961e+06
2.49599e+06
2.49581e+06
2.48511e+06
2.48551e+06
2.49302e+06
2.49362e+06
2.4245e+06
2.43425e+06
2.41069e+06
2.26976e+06
2.49526e+06
2.49576e+06
2.48748e+06
2.32377e+06
2.4884e+06
2.43824e+06
2.48916e+06
2.41346e+06
2.29296e+06
2.4953e+06
2.45705e+06
2.51167e+06
2.46768e+06
2.42091e+06
2.61307e+06
2.29175e+06
2.3856e+06
2.42808e+06
2.49239e+06
2.49621e+06
2.49505e+06
2.49541e+06
2.49256e+06
2.37407e+06
2.23105e+06
2.34984e+06
2.37465e+06
2.49491e+06
2.48971e+06
2.466e+06
2.44246e+06
2.48948e+06
2.48233e+06
2.3622e+06
2.24906e+06
2.4885e+06
2.49429e+06
2.40366e+06
2.36055e+06
2.49847e+06
2.46435e+06
2.49519e+06
2.4847e+06
2.49329e+06
2.62601e+06
2.50166e+06
2.4855e+06
2.44946e+06
2.46254e+06
2.44573e+06
2.46318e+06
2.41927e+06
2.44869e+06
2.52736e+06
2.45708e+06
2.48214e+06
2.49431e+06
2.47807e+06
2.43053e+06
2.49365e+06
2.43491e+06
2.46531e+06
2.46092e+06
2.43136e+06
2.38535e+06
2.66259e+06
2.4815e+06
2.45015e+06
2.49355e+06
2.5236e+06
2.4763e+06
2.4475e+06
2.42308e+06
2.49507e+06
2.49205e+06
2.49108e+06
2.46638e+06
2.47383e+06
2.49669e+06
2.49733e+06
2.43886e+06
2.48619e+06
2.42549e+06
2.478e+06
2.49473e+06
2.49563e+06
2.45667e+06
2.44081e+06
2.47925e+06
2.40322e+06
2.40664e+06
2.48788e+06
2.43073e+06
2.41854e+06
2.49672e+06
2.4831e+06
2.47017e+06
2.4995e+06
2.49334e+06
2.49734e+06
2.48346e+06
2.53687e+06
2.43795e+06
2.4412e+06
2.49452e+06
2.44553e+06
2.47969e+06
2.49858e+06
2.4802e+06
2.61462e+06
2.5007e+06
2.49129e+06
2.50454e+06
2.50308e+06
2.50359e+06
2.51091e+06
2.41824e+06
2.41605e+06
2.50714e+06
2.50476e+06
1.87427e+06
2.42873e+06
2.42717e+06
2.50099e+06
2.32165e+06
2.42937e+06
2.49229e+06
2.49944e+06
2.45599e+06
2.44452e+06
2.49059e+06
2.42768e+06
2.43859e+06
2.49607e+06
2.4955e+06
2.49169e+06
2.51322e+06
2.44822e+06
2.48425e+06
2.5005e+06
2.44373e+06
2.50469e+06
2.49835e+06
2.48661e+06
2.55556e+06
2.50091e+06
2.49337e+06
2.5052e+06
2.50485e+06
2.51014e+06
2.21381e+06
2.43399e+06
2.39012e+06
2.43988e+06
2.46409e+06
2.50448e+06
2.611e+06
2.50097e+06
2.30605e+06
2.50217e+06
2.49241e+06
2.50192e+06
2.3672e+06
2.41468e+06
2.2856e+06
2.43601e+06
2.38616e+06
2.58041e+06
2.50017e+06
2.50324e+06
2.50418e+06
2.66273e+06
2.50077e+06
2.30627e+06
2.40438e+06
2.49564e+06
2.4308e+06
2.45337e+06
2.50696e+06
2.49007e+06
2.4265e+06
2.41679e+06
2.46438e+06
2.49181e+06
2.45633e+06
2.47823e+06
2.46613e+06
2.47554e+06
2.46599e+06
2.56662e+06
2.47471e+06
2.50142e+06
2.48377e+06
2.48348e+06
2.46234e+06
2.54949e+06
2.50057e+06
2.49487e+06
2.461e+06
2.44936e+06
2.47245e+06
2.48981e+06
2.49484e+06
2.48378e+06
2.40028e+06
2.42523e+06
2.44643e+06
2.63565e+06
2.48742e+06
2.50617e+06
2.50763e+06
2.50441e+06
2.50466e+06
2.35944e+06
2.49504e+06
2.51812e+06
2.44796e+06
2.43305e+06
2.43959e+06
2.39611e+06
2.48216e+06
2.5902e+06
2.47504e+06
2.44476e+06
2.41751e+06
2.48712e+06
2.48837e+06
2.50691e+06
2.50802e+06
2.50528e+06
2.50186e+06
2.39162e+06
2.37364e+06
2.45037e+06
2.46091e+06
2.50456e+06
2.37323e+06
2.38372e+06
2.5028e+06
2.53298e+06
2.48221e+06
2.57873e+06
2.42657e+06
2.46885e+06
2.44842e+06
2.45298e+06
2.49898e+06
2.4443e+06
2.49978e+06
2.4582e+06
2.50117e+06
2.47232e+06
2.50629e+06
2.47086e+06
2.50344e+06
2.49771e+06
2.4993e+06
2.46645e+06
2.42991e+06
2.48694e+06
2.33391e+06
2.47101e+06
2.44986e+06
2.47457e+06
2.49301e+06
2.61985e+06
2.49206e+06
2.48334e+06
2.49238e+06
2.48995e+06
2.4776e+06
2.47849e+06
2.48862e+06
2.49538e+06
2.49386e+06
2.38025e+06
2.23386e+06
2.32188e+06
2.49125e+06
2.49079e+06
2.48783e+06
2.49194e+06
2.49177e+06
2.47512e+06
2.27151e+06
2.49298e+06
2.32378e+06
2.39329e+06
2.2958e+06
2.37215e+06
2.3956e+06
2.4589e+06
2.39097e+06
2.48908e+06
2.49148e+06
2.45052e+06
2.49002e+06
2.48359e+06
2.36313e+06
2.2253e+06
2.40843e+06
2.23016e+06
1.90512e+06
2.44123e+06
2.49359e+06
2.49706e+06
2.48993e+06
2.49148e+06
2.49266e+06
2.48293e+06
2.5838e+06
2.47441e+06
2.48967e+06
2.49105e+06
2.47393e+06
2.14187e+06
2.49244e+06
2.47441e+06
2.46822e+06
2.42123e+06
2.30389e+06
2.41148e+06
2.40929e+06
2.44344e+06
2.48334e+06
2.46945e+06
2.48315e+06
2.48748e+06
2.37304e+06
2.49203e+06
2.49266e+06
2.4918e+06
2.49584e+06
2.50635e+06
2.49223e+06
2.49561e+06
2.40826e+06
2.42491e+06
2.49152e+06
2.49253e+06
2.37869e+06
2.49138e+06
2.23231e+06
2.49711e+06
2.5184e+06
2.30779e+06
2.49386e+06
2.41204e+06
2.6701e+06
2.4862e+06
2.4057e+06
2.25836e+06
2.48012e+06
2.4655e+06
2.46795e+06
2.25547e+06
2.38411e+06
2.43951e+06
2.4812e+06
2.4934e+06
2.49337e+06
2.49098e+06
2.48258e+06
2.43815e+06
2.25118e+06
2.28573e+06
2.39207e+06
2.49877e+06
2.50209e+06
2.5078e+06
2.42329e+06
2.48807e+06
2.47927e+06
2.37544e+06
2.2783e+06
2.48456e+06
2.49417e+06
2.44951e+06
2.34638e+06
2.61636e+06
2.5067e+06
2.51601e+06
2.46768e+06
2.4783e+06
2.46906e+06
2.44235e+06
2.4337e+06
2.45027e+06
2.4262e+06
2.49855e+06
2.48459e+06
2.40787e+06
2.50525e+06
2.51471e+06
2.50717e+06
2.47064e+06
2.50208e+06
2.4618e+06
2.42744e+06
2.51605e+06
2.41363e+06
2.41264e+06
2.43996e+06
2.42439e+06
2.3641e+06
2.67672e+06
2.49569e+06
2.48316e+06
2.46484e+06
2.51609e+06
2.47738e+06
2.44772e+06
2.43651e+06
2.51643e+06
2.51568e+06
2.50239e+06
2.50865e+06
2.49068e+06
2.50728e+06
2.50569e+06
2.3846e+06
2.50445e+06
2.42854e+06
2.50422e+06
2.46816e+06
2.46304e+06
2.50789e+06
2.51142e+06
2.51571e+06
2.41098e+06
2.37109e+06
2.51295e+06
2.42833e+06
2.4101e+06
2.51915e+06
2.49657e+06
2.49568e+06
2.47573e+06
2.50265e+06
2.47854e+06
2.47961e+06
2.48344e+06
2.45104e+06
2.63666e+06
2.4357e+06
2.48294e+06
2.4998e+06
2.47711e+06
2.42888e+06
2.49929e+06
2.49387e+06
2.43135e+06
2.49447e+06
2.49019e+06
2.49279e+06
2.50084e+06
2.41611e+06
2.42248e+06
2.39448e+06
2.39669e+06
2.49261e+06
2.47845e+06
1.96427e+06
2.41001e+06
2.45152e+06
2.26396e+06
2.46578e+06
2.45452e+06
2.49326e+06
2.40983e+06
2.43903e+06
2.45778e+06
2.48255e+06
2.37654e+06
2.43824e+06
2.38645e+06
2.46805e+06
2.4838e+06
2.48353e+06
2.49393e+06
2.4372e+06
2.49612e+06
2.49284e+06
