 1.6999e+06
1.85909e+06
2.29896e+06
2.07745e+06
2.17473e+06
2.52322e+06
 1.8793e+06
2.40841e+06
2.40418e+06
2.13051e+06
2.26508e+06
1.94153e+06
2.37737e+06
1.69354e+06
2.29829e+06
2.33692e+06
1.57365e+06
2.51539e+06
1.79963e+06
 2.5075e+06
2.26248e+06
2.27159e+06
 2.3058e+06
 1.6096e+06
2.28753e+06
1.84244e+06
2.18351e+06
1.98016e+06
2.03926e+06
2.40867e+06
1.96705e+06
2.50293e+06
2.08784e+06
2.01394e+06
2.09583e+06
1.98614e+06
2.23385e+06
 2.1744e+06
2.38293e+06
2.15931e+06
1.52971e+06
     735375
2.11689e+06
2.10592e+06
1.76382e+06
2.06753e+06
1.54437e+06
1.31138e+06
 2.2919e+06
2.21976e+06
2.30903e+06
2.18986e+06
1.08614e+06
1.56053e+06
     982071
1.63027e+06
 2.2973e+06
2.12764e+06
2.23762e+06
2.05619e+06
1.63776e+06
1.23546e+06
1.44776e+06
2.05406e+06
  1.788e+06
1.77892e+06
2.08976e+06
     918874
2.33927e+06
2.15092e+06
2.47751e+06
2.08768e+06
2.16045e+06
2.26835e+06
2.33741e+06
2.30557e+06
1.47164e+06
1.01391e+06
2.05764e+06
2.10878e+06
2.39028e+06
1.73907e+06
2.13485e+06
1.86689e+06
1.95287e+06
1.77035e+06
1.97831e+06
2.12279e+06
1.66952e+06
1.49194e+06
2.11174e+06
1.51945e+06
1.78503e+06
 1.9489e+06
1.85361e+06
1.76343e+06
2.39695e+06
1.94947e+06
2.81562e+06
1.22893e+06
1.40444e+06
2.01826e+06
1.98431e+06
     889262
2.07449e+06
2.32956e+06
2.28905e+06
2.27986e+06
2.41327e+06
2.34107e+06
2.24238e+06
2.42427e+06
2.29832e+06
2.67387e+06
2.39877e+06
2.53858e+06
1.83762e+06
1.95888e+06
2.53466e+06
2.06195e+06
2.43017e+06
2.34299e+06
2.50173e+06
1.92353e+06
1.20049e+06
2.72232e+06
2.04148e+06
2.78738e+06
1.97208e+06
2.57062e+06
3.16083e+06
1.75656e+06
2.15036e+06
2.28503e+06
2.63041e+06
2.17606e+06
2.23625e+06
2.53665e+06
2.51392e+06
2.72869e+06
2.41845e+06
2.45028e+06
2.29154e+06
2.38283e+06
2.49774e+06
2.83364e+06
2.70065e+06
2.33652e+06
2.71289e+06
 3.1663e+06
3.16083e+06
2.73128e+06
 2.6654e+06
3.20969e+06
3.13091e+06
2.74929e+06
2.34233e+06
3.26786e+06
2.57287e+06
2.84328e+06
2.01344e+06
3.72384e+06
2.74405e+06
3.27232e+06
2.40427e+06
2.99842e+06
2.57737e+06
3.23359e+06
2.76083e+06
2.94133e+06
3.28989e+06
3.33525e+06
2.88578e+06
2.85286e+06
3.19618e+06
3.26511e+06
2.60607e+06
2.46588e+06
2.85934e+06
2.95818e+06
2.89761e+06
2.94048e+06
3.10633e+06
 2.9708e+06
3.57304e+06
3.75893e+06
3.99602e+06
 3.1617e+06
3.22404e+06
3.27143e+06
3.16278e+06
3.53152e+06
3.04759e+06
3.78224e+06
3.74378e+06
3.85665e+06
 3.3105e+06
3.34223e+06
3.57404e+06
3.21781e+06
3.02656e+06
3.86333e+06
 3.7701e+06
3.91184e+06
3.31961e+06
3.64896e+06
 3.0837e+06
3.21586e+06
 3.6662e+06
3.33351e+06
4.21484e+06
 3.8569e+06
3.06001e+06
3.15059e+06
3.27472e+06
3.09242e+06
3.52753e+06
3.27777e+06
3.57008e+06
2.98515e+06
3.37779e+06
3.25425e+06
2.97431e+06
3.61708e+06
 4.2116e+06
4.27008e+06
4.00372e+06
 3.9899e+06
3.60617e+06
3.32236e+06
3.92901e+06
 3.5944e+06
4.60581e+06
2.63714e+06
4.05703e+06
2.65763e+06
3.69368e+06
 3.7467e+06
4.01145e+06
3.23366e+06
4.03438e+06
3.72821e+06
3.98651e+06
4.39922e+06
3.52674e+06
3.80216e+06
3.10747e+06
3.45422e+06
3.76801e+06
3.07301e+06
3.67003e+06
3.32414e+06
2.87051e+06
3.29653e+06
 2.5514e+06
3.65284e+06
4.30287e+06
3.66741e+06
4.39383e+06
3.50919e+06
3.77497e+06
3.57626e+06
3.71689e+06
3.41907e+06
3.98215e+06
3.75507e+06
3.53049e+06
4.27429e+06
3.16315e+06
3.27845e+06
3.52069e+06
3.20295e+06
4.04508e+06
4.25699e+06
3.48033e+06
3.92904e+06
3.70407e+06
  3.366e+06
3.75697e+06
3.52685e+06
4.29903e+06
3.56879e+06
4.32864e+06
3.56767e+06
2.76851e+06
3.62122e+06
 2.5155e+06
3.43866e+06
3.42107e+06
3.23846e+06
3.07003e+06
2.85991e+06
3.59544e+06
2.90586e+06
 3.6219e+06
2.69753e+06
3.40538e+06
3.70584e+06
3.01782e+06
 3.6798e+06
3.56381e+06
3.04221e+06
3.01787e+06
3.34047e+06
 3.2236e+06
2.95249e+06
2.51553e+06
2.96131e+06
3.51942e+06
3.40997e+06
 3.1266e+06
3.08818e+06
3.51085e+06
3.80762e+06
3.10479e+06
3.84943e+06
3.48758e+06
2.62625e+06
3.78081e+06
2.94936e+06
3.23138e+06
2.79057e+06
2.81844e+06
3.55864e+06
