2.56106e+06
2.75229e+06
2.72636e+06
4.33373e+06
3.05942e+06
2.6517e+06
2.76365e+06
5.20075e+06
4.20813e+06
3.10609e+06
3.21344e+06
3.65821e+06
3.82782e+06
3.54212e+06
3.2024e+06
3.04888e+06
2.62389e+06
2.81359e+06
2.68317e+06
2.73503e+06
2.66707e+06
2.78785e+06
2.67529e+06
2.77763e+06
3.05119e+06
3.20993e+06
3.86907e+06
4.00214e+06
2.6607e+06
2.81789e+06
3.01896e+06
2.8015e+06
2.63942e+06
2.78228e+06
3.28308e+06
3.34759e+06
3.58966e+06
3.44308e+06
3.62345e+06
3.8276e+06
3.83926e+06
3.94807e+06
4.72292e+06
4.71339e+06
4.4289e+06
4.24021e+06
4.15751e+06
4.89162e+06
5.31503e+06
5.24129e+06
5.30987e+06
5.17422e+06
5.00758e+06
5.81974e+06
4.78418e+06
5.66932e+06
5.57832e+06
5.31592e+06
5.71709e+06
6.48154e+06
5.63018e+06
5.65635e+06
6.81064e+06
4.69857e+06
3.9987e+06
4.26192e+06
4.41565e+06
4.45237e+06
4.2938e+06
5.28693e+06
6.44798e+06
5.44553e+06
6.33742e+06
5.71143e+06
5.60863e+06
5.7464e+06
5.67297e+06
5.2823e+06
6.5372e+06
5.55675e+06
4.35173e+06
4.12076e+06
4.51821e+06
3.50682e+06
3.06955e+06
3.23947e+06
3.87979e+06
4.06516e+06
4.0008e+06
4.45822e+06
4.25765e+06
3.14587e+06
3.03453e+06
3.56229e+06
3.39154e+06
3.5782e+06
3.5027e+06
3.02777e+06
3.21807e+06
4.98446e+06
4.64397e+06
4.84415e+06
4.47772e+06
4.76957e+06
4.95777e+06
4.47334e+06
4.37279e+06
5.08829e+06
5.29845e+06
5.169e+06
5.08362e+06
5.34816e+06
4.76804e+06
4.79776e+06
4.87736e+06
5.1511e+06
5.23512e+06
3.90074e+06
3.63111e+06
3.85203e+06
4.00693e+06
5.28606e+06
4.89766e+06
5.09691e+06
5.6607e+06
5.24324e+06
5.83089e+06
5.5676e+06
5.35288e+06
5.18426e+06
3.87443e+06
3.60453e+06
3.62402e+06
4.32247e+06
4.27835e+06
4.44757e+06
4.04071e+06
4.05845e+06
3.92485e+06
3.46009e+06
3.61265e+06
3.49407e+06
3.0423e+06
3.2018e+06
3.2332e+06
3.07554e+06
4.53354e+06
6.16161e+06
5.12635e+06
5.74419e+06
4.71755e+06
4.81417e+06
4.71578e+06
4.87069e+06
5.2404e+06
5.13097e+06
5.97736e+06
5.84784e+06
5.67142e+06
6.1591e+06
5.68938e+06
6.22204e+06
