3.00323e+06
3.00186e+06
3.00201e+06
3.00269e+06
2.99879e+06
2.99882e+06
2.99923e+06
2.99928e+06
2.99833e+06
2.99872e+06
2.99905e+06
2.99853e+06
2.99886e+06
2.9994e+06
2.9995e+06
2.99887e+06
2.99981e+06
3.00023e+06
3.0001e+06
2.99965e+06
3.00069e+06
3.00088e+06
3.00062e+06
3.00046e+06
3.0012e+06
3.00116e+06
3.00091e+06
3.00103e+06
3.00146e+06
3.00127e+06
3.00092e+06
3.00112e+06
3.00028e+06
2.99974e+06
2.99976e+06
3.00073e+06
3.00211e+06
3.00159e+06
3.0022e+06
3.00235e+06
2.99997e+06
2.99971e+06
2.99983e+06
3.00008e+06
2.99905e+06
2.9992e+06
2.99897e+06
2.99882e+06
2.99944e+06
2.99991e+06
2.99969e+06
2.99921e+06
3.0001e+06
3.00058e+06
3.00058e+06
3.00007e+06
3.00067e+06
3.00089e+06
3.00094e+06
3.0007e+06
3.00096e+06
3.00093e+06
3.0009e+06
3.00092e+06
3.00076e+06
3.00035e+06
3.00029e+06
3.00068e+06
2.99952e+06
2.99933e+06
2.99932e+06
2.9997e+06
3.00202e+06
3.00163e+06
3.00219e+06
3.00227e+06
2.99991e+06
2.99956e+06
3.00009e+06
3.00036e+06
2.99908e+06
2.9993e+06
2.99892e+06
2.99878e+06
2.99965e+06
3.00043e+06
2.99994e+06
2.99919e+06
3.00058e+06
3.00116e+06
3.00107e+06
3.00048e+06
3.00094e+06
3.00102e+06
3.0012e+06
3.00112e+06
3.0008e+06
3.00041e+06
3.00039e+06
3.0008e+06
3.00021e+06
2.99982e+06
2.99969e+06
3.00011e+06
2.99932e+06
2.99918e+06
2.99912e+06
2.99935e+06
3.00188e+06
3.00204e+06
3.00254e+06
3.00224e+06
3.00029e+06
3.00021e+06
3.00176e+06
3.00153e+06
2.99919e+06
2.99925e+06
2.99957e+06
2.99901e+06
3.00001e+06
3.00138e+06
3.00028e+06
2.9991e+06
3.00107e+06
3.00185e+06
3.00207e+06
3.00131e+06
3.00109e+06
3.00025e+06
3.00041e+06
3.0013e+06
3.00025e+06
2.99933e+06
2.99886e+06
2.99985e+06
2.99963e+06
2.99916e+06
2.99866e+06
2.99913e+06
2.9992e+06
2.99908e+06
2.9989e+06
2.999e+06
3.00218e+06
3.0067e+06
3.00539e+06
3.00304e+06
3.00187e+06
3.01035e+06
3.01019e+06
3.00574e+06
3.00073e+06
3.00589e+06
3.01201e+06
3.00077e+06
3.00115e+06
3.00511e+06
3.0101e+06
3.00029e+06
3.00212e+06
3.00025e+06
3.00092e+06
3.00338e+06
3.00039e+06
2.99773e+06
2.99662e+06
2.9994e+06
2.99892e+06
2.99758e+06
2.99613e+06
2.99749e+06
2.99877e+06
2.99837e+06
2.99732e+06
2.99763e+06
2.99903e+06
2.99894e+06
2.99861e+06
2.9985e+06
3.00549e+06
3.01662e+06
3.01919e+06
3.00375e+06
3.02013e+06
3.06543e+06
3.10777e+06
3.03726e+06
3.03481e+06
3.06878e+06
3.19369e+06
3.1113e+06
3.0174e+06
3.00532e+06
3.02856e+06
3.0684e+06
3.00169e+06
2.99355e+06
2.99649e+06
2.99932e+06
2.99683e+06
2.99357e+06
2.99006e+06
2.99348e+06
2.99632e+06
2.99542e+06
2.99307e+06
2.99389e+06
2.9974e+06
2.99737e+06
2.99581e+06
2.99562e+06
2.9986e+06
2.99863e+06
2.9982e+06
2.99776e+06
3.01983e+06
3.05258e+06
3.02518e+06
3.00798e+06
3.18774e+06
3.53648e+06
3.36239e+06
3.10544e+06
3.373e+06
3.26306e+06
4.01034e+06
4.35409e+06
3.05148e+06
3.0172e+06
3.05541e+06
3.16115e+06
2.99083e+06
2.98787e+06
2.99202e+06
3.00207e+06
2.99016e+06
2.99006e+06
2.98839e+06
2.98844e+06
2.99291e+06
2.99342e+06
2.99124e+06
2.99056e+06
2.99554e+06
2.99631e+06
2.99485e+06
2.99373e+06
2.99773e+06
2.99783e+06
2.99724e+06
2.99655e+06
3.02232e+06
3.04126e+06
3.01003e+06
3.00401e+06
3.27172e+06
3.37175e+06
3.14609e+06
3.09696e+06
3.54945e+06
3.17347e+06
3.15186e+06
3.43248e+06
3.07797e+06
3.01504e+06
3.03573e+06
3.09258e+06
2.98852e+06
2.99048e+06
2.99685e+06
3.00136e+06
2.98796e+06
2.99146e+06
2.99335e+06
2.99032e+06
2.99095e+06
2.99265e+06
2.99317e+06
2.99149e+06
2.99423e+06
2.99463e+06
2.99242e+06
2.99173e+06
2.99618e+06
2.99649e+06
2.99582e+06
2.99464e+06
3.00966e+06
3.02597e+06
3.01703e+06
3.00821e+06
3.05961e+06
3.02898e+06
3.00876e+06
3.02709e+06
3.09488e+06
3.02951e+06
3.00705e+06
3.04326e+06
3.02203e+06
3.00881e+06
3.00698e+06
3.01874e+06
2.99491e+06
2.99857e+06
3.00479e+06
3.00422e+06
2.99351e+06
2.99632e+06
2.99979e+06
2.99764e+06
2.99345e+06
2.99542e+06
2.99728e+06
2.99568e+06
2.99333e+06
2.99257e+06
2.99417e+06
2.99479e+06
2.99411e+06
2.99263e+06
2.98778e+06
2.9876e+06
