3.51375e+06
3.68718e+06
3.47314e+06
2.39116e+06
3.05465e+06
3.24807e+06
3.27781e+06
 1.9246e+06
1.70697e+06
2.75937e+06
2.66239e+06
2.56503e+06
 2.5288e+06
2.67296e+06
2.89211e+06
2.67531e+06
3.53931e+06
3.34134e+06
3.39315e+06
3.32183e+06
3.29581e+06
3.34581e+06
3.20239e+06
3.28673e+06
2.71911e+06
2.77016e+06
2.19932e+06
2.43745e+06
 3.6038e+06
3.35038e+06
3.02758e+06
3.38843e+06
3.28583e+06
3.50017e+06
2.80822e+06
2.57139e+06
 2.6411e+06
2.71001e+06
2.76853e+06
2.49624e+06
2.41673e+06
2.53922e+06
2.17658e+06
2.15487e+06
2.35076e+06
2.34147e+06
2.37495e+06
2.08112e+06
2.00766e+06
2.00988e+06
  1.716e+06
  1.716e+06
1.90286e+06
1.67771e+06
1.79679e+06
1.68291e+06
1.76519e+06
2.00715e+06
1.74158e+06
1.64871e+06
1.81946e+06
1.85259e+06
1.99632e+06
2.12782e+06
2.45205e+06
 2.3309e+06
2.40049e+06
2.42047e+06
2.28166e+06
1.69588e+06
1.69178e+06
1.61012e+06
 1.7296e+06
1.81698e+06
1.77565e+06
1.97115e+06
1.73143e+06
1.73143e+06
1.66886e+06
1.83311e+06
2.26235e+06
2.29664e+06
2.29356e+06
2.63784e+06
2.85324e+06
2.67849e+06
2.48361e+06
 2.4009e+06
2.50181e+06
2.35825e+06
2.38832e+06
2.77949e+06
2.81955e+06
2.77021e+06
2.79142e+06
2.80066e+06
2.74292e+06
2.83228e+06
2.95437e+06
2.18202e+06
 1.9362e+06
2.02272e+06
2.17567e+06
2.22935e+06
 2.0164e+06
2.39683e+06
2.30269e+06
2.10226e+06
2.04668e+06
2.04221e+06
2.11955e+06
2.00039e+06
2.13409e+06
2.21522e+06
2.03731e+06
2.02853e+06
2.01838e+06
2.49503e+06
2.68833e+06
 2.4411e+06
2.39907e+06
2.04153e+06
2.12126e+06
2.08242e+06
1.88597e+06
2.05609e+06
1.81399e+06
1.89858e+06
2.01437e+06
2.03481e+06
2.43138e+06
2.70664e+06
2.87415e+06
2.44582e+06
2.36895e+06
 2.3973e+06
2.50377e+06
2.41415e+06
2.46211e+06
2.75661e+06
2.70054e+06
2.81524e+06
2.71732e+06
2.73362e+06
2.79628e+06
2.74968e+06
2.03529e+06
1.65936e+06
1.84041e+06
1.78686e+06
2.16777e+06
2.22168e+06
2.12234e+06
2.02991e+06
2.11161e+06
1.94906e+06
1.71532e+06
1.75875e+06
 1.7816e+06
1.58754e+06
1.91039e+06
1.87095e+06
