2.73749e+06
2.65795e+06
3.10043e+06
2.61419e+06
2.54788e+06
2.82176e+06
2.93314e+06
2.86027e+06
 2.9289e+06
3.06448e+06
 2.4953e+06
2.47763e+06
2.41179e+06
2.34073e+06
2.45728e+06
2.49361e+06
2.68423e+06
2.85997e+06
  2.515e+06
 2.5435e+06
3.04919e+06
2.60459e+06
2.68764e+06
 2.5297e+06
3.28071e+06
2.53875e+06
2.50337e+06
  2.851e+06
2.51307e+06
2.42793e+06
2.69393e+06
2.57003e+06
2.60704e+06
2.52765e+06
2.16172e+06
2.96962e+06
2.85039e+06
2.56918e+06
2.52393e+06
2.80921e+06
 2.7439e+06
2.65213e+06
2.70195e+06
2.66428e+06
2.68919e+06
2.72696e+06
2.84988e+06
  2.826e+06
2.65033e+06
2.25112e+06
2.85715e+06
3.25959e+06
2.81912e+06
2.84276e+06
2.97638e+06
2.84474e+06
2.57651e+06
2.89139e+06
2.56003e+06
2.68646e+06
2.94129e+06
2.98295e+06
3.20702e+06
 3.1124e+06
3.07743e+06
2.35787e+06
2.64612e+06
2.26958e+06
2.51012e+06
1.90055e+06
2.97429e+06
2.34497e+06
 2.7229e+06
2.53533e+06
2.24785e+06
2.68581e+06
2.37473e+06
2.47188e+06
 2.7583e+06
2.54814e+06
2.88876e+06
2.51349e+06
2.29917e+06
2.30647e+06
2.59485e+06
2.44878e+06
2.32879e+06
2.19319e+06
 3.0138e+06
2.71493e+06
2.80597e+06
2.50518e+06
2.49022e+06
2.79847e+06
2.68761e+06
 2.1444e+06
2.46477e+06
2.01124e+06
2.90845e+06
3.07215e+06
2.47797e+06
3.25408e+06
2.56384e+06
2.74872e+06
2.61994e+06
1.59693e+06
2.47099e+06
2.21722e+06
2.19056e+06
2.59071e+06
 2.2726e+06
 2.0414e+06
2.62428e+06
3.03557e+06
2.63994e+06
2.64358e+06
2.48185e+06
2.73917e+06
 2.5445e+06
2.75143e+06
2.83416e+06
2.60509e+06
  2.396e+06
2.66319e+06
2.65716e+06
3.35361e+06
3.10162e+06
2.74002e+06
2.62118e+06
2.13858e+06
2.99032e+06
2.66126e+06
2.56234e+06
3.16775e+06
2.59878e+06
2.59482e+06
2.52823e+06
2.67657e+06
2.50679e+06
2.53795e+06
2.84137e+06
2.49176e+06
2.85114e+06
2.78332e+06
2.65478e+06
3.03743e+06
2.55991e+06
2.72623e+06
2.33828e+06
2.81818e+06
2.70736e+06
2.68152e+06
2.78395e+06
2.94449e+06
3.01413e+06
 2.8778e+06
2.77167e+06
2.38802e+06
2.93755e+06
2.54229e+06
3.10604e+06
2.57459e+06
2.94985e+06
 2.6633e+06
2.68901e+06
2.84393e+06
2.91562e+06
2.88157e+06
3.12702e+06
3.01161e+06
2.77415e+06
2.81691e+06
3.09991e+06
2.92286e+06
 2.7145e+06
2.67699e+06
2.73094e+06
2.42254e+06
2.78375e+06
2.68273e+06
2.01802e+06
2.41771e+06
2.81571e+06
2.69368e+06
2.53811e+06
2.64811e+06
2.67257e+06
2.52842e+06
 2.6634e+06
2.59603e+06
2.68096e+06
2.46538e+06
2.69817e+06
2.65808e+06
2.72884e+06
2.59724e+06
2.69134e+06
2.68245e+06
2.70165e+06
2.58506e+06
2.61385e+06
2.65103e+06
2.65791e+06
3.07211e+06
3.44593e+06
2.99277e+06
 2.7931e+06
2.70239e+06
3.23266e+06
3.03817e+06
3.01365e+06
3.03381e+06
3.12896e+06
2.79568e+06
   2.79e+06
2.66624e+06
3.29844e+06
3.06165e+06
3.14314e+06
3.21293e+06
3.23852e+06
 3.1571e+06
3.04078e+06
3.04335e+06
3.17962e+06
3.12397e+06
3.03476e+06
2.85269e+06
 2.7937e+06
3.00467e+06
3.12512e+06
3.09185e+06
2.96362e+06
2.87461e+06
 2.6458e+06
2.88383e+06
2.88475e+06
2.76948e+06
2.76979e+06
2.64265e+06
 2.8367e+06
2.80623e+06
2.78237e+06
2.69369e+06
2.75468e+06
 2.9804e+06
2.69453e+06
3.07503e+06
2.95027e+06
3.60744e+06
3.19626e+06
 3.1725e+06
 3.2668e+06
3.06818e+06
3.19978e+06
3.53663e+06
3.46846e+06
 4.1985e+06
3.03273e+06
3.29401e+06
3.42606e+06
3.62011e+06
3.09027e+06
3.21886e+06
3.63476e+06
3.73671e+06
3.07843e+06
3.69428e+06
 3.8765e+06
3.38838e+06
4.14099e+06
3.43459e+06
3.46968e+06
3.65411e+06
3.16212e+06
3.52451e+06
3.37392e+06
3.23718e+06
3.70473e+06
3.48447e+06
3.31812e+06
 3.2804e+06
3.43329e+06
3.53783e+06
3.61624e+06
2.94345e+06
2.52078e+06
2.63577e+06
 3.2883e+06
3.20663e+06
3.21455e+06
 2.7438e+06
 3.3732e+06
2.86463e+06
2.77586e+06
3.58232e+06
3.17677e+06
2.87612e+06
2.76397e+06
3.11645e+06
3.23625e+06
3.07483e+06
3.86431e+06
2.74514e+06
2.28725e+06
 2.9309e+06
2.46703e+06
 3.9348e+06
4.11503e+06
2.06762e+06
3.10898e+06
3.08878e+06
3.23376e+06
3.69002e+06
 3.2804e+06
3.51656e+06
2.84395e+06
3.42382e+06
3.34133e+06
2.02721e+06
4.03239e+06
3.21934e+06
3.20754e+06
3.98319e+06
3.08525e+06
4.38418e+06
 2.5518e+06
 3.5387e+06
4.09851e+06
 1.7329e+06
3.31537e+06
4.54228e+06
4.21639e+06
4.55515e+06
2.75615e+06
2.93619e+06
4.28829e+06
4.08573e+06
3.60254e+06
3.09551e+06
3.99091e+06
2.64311e+06
3.69845e+06
4.22358e+06
4.82298e+06
4.42734e+06
3.51645e+06
4.59264e+06
4.14433e+06
3.58779e+06
3.16534e+06
3.08657e+06
2.96541e+06
2.43566e+06
2.84221e+06
2.57058e+06
2.90439e+06
2.83002e+06
3.01424e+06
2.99256e+06
2.75787e+06
 2.8555e+06
2.89751e+06
2.92034e+06
1.85422e+06
2.38537e+06
3.92855e+06
2.32683e+06
3.05297e+06
2.93372e+06
2.77553e+06
3.09713e+06
2.92175e+06
2.93969e+06
2.85354e+06
2.89026e+06
 3.8684e+06
2.67521e+06
3.40275e+06
3.22303e+06
2.60073e+06
3.91111e+06
2.84322e+06
3.34952e+06
3.91778e+06
2.75541e+06
2.86971e+06
3.04157e+06
3.39572e+06
2.79611e+06
3.44894e+06
3.88261e+06
2.37434e+06
3.58604e+06
4.06869e+06
3.07656e+06
3.38521e+06
4.01662e+06
4.21222e+06
2.86857e+06
 2.7959e+06
2.88059e+06
3.39565e+06
2.76674e+06
2.85645e+06
2.80077e+06
2.93616e+06
3.29991e+06
3.98257e+06
3.59962e+06
4.63468e+06
3.68016e+06
2.78901e+06
2.97685e+06
3.70861e+06
3.75552e+06
 3.7151e+06
3.11514e+06
3.80114e+06
2.91413e+06
3.24315e+06
3.01411e+06
4.21552e+06
4.25365e+06
 2.7039e+06
2.89459e+06
2.91103e+06
2.68658e+06
3.20449e+06
2.55755e+06
3.34715e+06
 2.6265e+06
 3.5139e+06
3.33176e+06
2.77348e+06
3.24279e+06
2.82455e+06
2.96945e+06
3.29865e+06
2.61191e+06
2.68756e+06
3.31169e+06
 3.4685e+06
2.83955e+06
3.61444e+06
4.61732e+06
4.03337e+06
3.64279e+06
4.24376e+06
4.09916e+06
4.10007e+06
3.20985e+06
3.06712e+06
3.09519e+06
4.00101e+06
3.79679e+06
3.30043e+06
4.00564e+06
2.91753e+06
 3.1685e+06
2.96882e+06
2.74316e+06
 2.9645e+06
3.32014e+06
3.54053e+06
3.27117e+06
3.29003e+06
3.60337e+06
3.49348e+06
4.17253e+06
4.05799e+06
2.89165e+06
 2.8716e+06
3.14406e+06
4.16571e+06
2.87447e+06
3.22224e+06
3.77458e+06
4.04705e+06
2.83502e+06
 3.1286e+06
3.02934e+06
2.73939e+06
2.78494e+06
2.77277e+06
3.41006e+06
2.98828e+06
3.54128e+06
3.22428e+06
2.80991e+06
2.89679e+06
3.40756e+06
2.95067e+06
2.92635e+06
2.98051e+06
2.97525e+06
3.00118e+06
3.37701e+06
3.28256e+06
 2.8683e+06
2.76271e+06
3.95072e+06
3.31858e+06
2.72714e+06
3.50997e+06
4.77957e+06
3.58511e+06
4.05539e+06
  5.038e+06
4.79649e+06
2.77552e+06
3.93203e+06
 4.0877e+06
 3.1315e+06
4.15665e+06
3.33787e+06
3.43425e+06
4.32584e+06
4.21315e+06
3.51564e+06
3.03328e+06
3.05564e+06
4.09157e+06
4.00378e+06
3.11156e+06
3.74674e+06
 2.8543e+06
3.05712e+06
2.83618e+06
3.06777e+06
2.67406e+06
 2.7582e+06
3.25689e+06
4.07524e+06
3.05096e+06
2.94559e+06
2.89696e+06
3.23334e+06
2.98869e+06
3.02376e+06
2.81979e+06
1.94065e+06
3.69173e+06
2.81938e+06
3.17661e+06
 3.0858e+06
3.00325e+06
4.10687e+06
3.58657e+06
4.04287e+06
 2.9723e+06
4.20167e+06
3.74193e+06
3.65013e+06
3.13091e+06
 3.0355e+06
3.61006e+06
3.75954e+06
4.41956e+06
4.39503e+06
3.10208e+06
4.04659e+06
3.71524e+06
3.88822e+06
3.93966e+06
4.02488e+06
3.38723e+06
  4.243e+06
3.45381e+06
3.38218e+06
3.42781e+06
3.36951e+06
3.85793e+06
2.91086e+06
3.06234e+06
3.10746e+06
   3.11e+06
2.99811e+06
3.40207e+06
2.80453e+06
3.13498e+06
2.82123e+06
2.75078e+06
 2.8197e+06
3.21272e+06
3.33841e+06
2.98945e+06
3.46763e+06
3.10902e+06
4.90626e+06
3.75629e+06
3.76304e+06
3.97871e+06
3.52838e+06
3.30243e+06
3.40644e+06
3.51103e+06
3.54213e+06
4.71662e+06
4.12971e+06
3.48572e+06
3.02195e+06
3.56935e+06
3.26021e+06
4.88503e+06
4.21647e+06
3.26563e+06
4.05328e+06
4.66569e+06
 3.5876e+06
4.33971e+06
3.85566e+06
3.41576e+06
 3.6925e+06
 3.0754e+06
3.91852e+06
3.73765e+06
3.53129e+06
3.76156e+06
4.12265e+06
3.24832e+06
2.86537e+06
 3.7677e+06
3.60903e+06
2.78373e+06
2.76663e+06
3.10751e+06
2.77231e+06
3.90995e+06
  2.979e+06
3.49171e+06
3.54121e+06
2.70016e+06
 3.6411e+06
 2.3392e+06
3.65049e+06
3.66258e+06
2.80522e+06
3.01333e+06
2.90011e+06
 3.3358e+06
3.19969e+06
2.96031e+06
3.98723e+06
2.86957e+06
2.24889e+06
2.36382e+06
2.43446e+06
4.13176e+06
4.22147e+06
1.84762e+06
2.87552e+06
2.82117e+06
3.30228e+06
3.57475e+06
3.38979e+06
2.50435e+06
3.45832e+06
3.20429e+06
2.26555e+06
4.58923e+06
3.99362e+06
4.15048e+06
3.11424e+06
3.04412e+06
2.75515e+06
2.20827e+06
3.24284e+06
3.98069e+06
1.38775e+06
3.34663e+06
4.50366e+06
4.23669e+06
4.40259e+06
3.16838e+06
2.33587e+06
4.33895e+06
4.40345e+06
3.49077e+06
 2.6409e+06
4.10922e+06
2.32405e+06
 3.7432e+06
4.53484e+06
5.18838e+06
4.87005e+06
4.33821e+06
4.88331e+06
4.21426e+06
3.33872e+06
3.04167e+06
3.11885e+06
2.55173e+06
2.14711e+06
2.10304e+06
2.74426e+06
2.89452e+06
3.77307e+06
2.99793e+06
2.75575e+06
3.02083e+06
2.20312e+06
3.14034e+06
2.99208e+06
4.32958e+06
1.72717e+06
3.04006e+06
2.59377e+06
2.94036e+06
2.86988e+06
2.97727e+06
2.87895e+06
2.93089e+06
1.99039e+06
2.69375e+06
2.58178e+06
2.74099e+06
2.23459e+06
3.35335e+06
 3.1663e+06
2.40565e+06
  3.787e+06
2.62707e+06
2.51798e+06
2.69668e+06
3.19891e+06
3.78929e+06
3.09427e+06
3.78402e+06
3.19519e+06
2.44678e+06
3.31758e+06
2.37641e+06
2.51024e+06
3.30234e+06
3.77251e+06
3.71792e+06
3.52435e+06
 3.7119e+06
3.88581e+06
3.15855e+06
2.77033e+06
3.25212e+06
2.86354e+06
2.77666e+06
2.67833e+06
2.83044e+06
3.23898e+06
3.72022e+06
3.75814e+06
3.79428e+06
3.42179e+06
 2.9067e+06
2.86907e+06
3.47772e+06
3.99119e+06
3.83018e+06
2.80386e+06
3.60045e+06
2.90347e+06
3.11139e+06
2.83428e+06
3.94294e+06
4.77978e+06
2.66627e+06
2.68282e+06
2.77498e+06
2.57207e+06
2.94807e+06
3.44434e+06
3.31277e+06
2.63004e+06
3.07696e+06
2.61271e+06
2.62058e+06
3.20931e+06
2.70933e+06
2.57568e+06
2.96699e+06
2.85708e+06
2.32673e+06
3.34238e+06
2.83012e+06
2.91814e+06
3.55587e+06
2.82057e+06
 3.1107e+06
3.14976e+06
3.31271e+06
3.63734e+06
2.96107e+06
3.58611e+06
2.44111e+06
3.03066e+06
2.82933e+06
3.32564e+06
3.11269e+06
3.30117e+06
2.88812e+06
2.87179e+06
2.74654e+06
3.47792e+06
2.63046e+06
2.54683e+06
2.68954e+06
3.20723e+06
2.75349e+06
3.03148e+06
3.20339e+06
4.14771e+06
3.40869e+06
2.83616e+06
2.67723e+06
3.21517e+06
3.06684e+06
2.43013e+06
2.71554e+06
3.06761e+06
3.13353e+06
2.75405e+06
2.51161e+06
2.92405e+06
2.58059e+06
2.63086e+06
2.67193e+06
2.79722e+06
2.63462e+06
2.70912e+06
2.59664e+06
2.68635e+06
2.60437e+06
2.61633e+06
 2.8038e+06
2.66744e+06
2.75212e+06
2.56821e+06
2.45834e+06
3.12054e+06
2.67482e+06
2.60598e+06
2.67029e+06
2.87854e+06
2.77048e+06
3.17413e+06
2.93669e+06
2.80093e+06
2.30057e+06
 2.5157e+06
2.63963e+06
2.97115e+06
3.15304e+06
2.96031e+06
2.54581e+06
2.83054e+06
2.75606e+06
 2.9643e+06
2.87452e+06
2.77425e+06
2.71837e+06
2.69635e+06
2.74538e+06
2.84233e+06
2.80144e+06
2.75099e+06
2.62016e+06
3.34717e+06
2.55709e+06
2.44079e+06
2.61623e+06
2.50583e+06
2.63622e+06
2.27462e+06
2.65625e+06
 2.5307e+06
2.61283e+06
  2.658e+06
2.64898e+06
2.52023e+06
 2.5193e+06
2.58201e+06
2.59488e+06
2.56097e+06
 2.7612e+06
2.39477e+06
2.39902e+06
2.16174e+06
2.56524e+06
2.69704e+06
2.87524e+06
2.67313e+06
2.53682e+06
2.37771e+06
2.62579e+06
2.83265e+06
2.18202e+06
2.35562e+06
2.53348e+06
2.52889e+06
 2.6593e+06
  2.476e+06
2.50188e+06
2.40456e+06
2.49785e+06
2.55173e+06
1.95056e+06
2.70283e+06
2.54215e+06
3.00403e+06
2.62808e+06
2.50676e+06
2.44855e+06
2.37143e+06
2.49606e+06
2.50676e+06
2.57005e+06
2.47708e+06
 2.5285e+06
2.52845e+06
2.56297e+06
2.49184e+06
 2.4152e+06
2.30785e+06
 2.5062e+06
2.43437e+06
2.49767e+06
2.36535e+06
2.47135e+06
2.45128e+06
2.53923e+06
2.55486e+06
  2.071e+06
2.42255e+06
2.45743e+06
2.64736e+06
2.62977e+06
2.56629e+06
2.50165e+06
2.33583e+06
1.97587e+06
2.22515e+06
 2.2462e+06
 2.5695e+06
2.49847e+06
2.54507e+06
2.57371e+06
2.03038e+06
2.41053e+06
2.44118e+06
2.08365e+06
2.23255e+06
2.29103e+06
2.41059e+06
2.55273e+06
 2.1333e+06
2.49602e+06
  2.418e+06
2.39587e+06
2.35549e+06
2.27579e+06
2.13793e+06
2.46222e+06
2.53283e+06
2.66496e+06
2.67335e+06
2.46988e+06
2.64809e+06
2.48939e+06
2.28505e+06
2.29004e+06
2.25835e+06
2.24831e+06
2.48894e+06
2.43384e+06
2.56223e+06
2.52851e+06
 2.4853e+06
   2.34e+06
2.48035e+06
2.42158e+06
2.46226e+06
2.59604e+06
2.50199e+06
2.56925e+06
2.13161e+06
1.98258e+06
2.41259e+06
2.35909e+06
1.28847e+06
2.04845e+06
2.58543e+06
2.48228e+06
2.46557e+06
2.82308e+06
2.34276e+06
2.55311e+06
 2.0396e+06
2.67175e+06
2.07558e+06
2.51056e+06
2.42405e+06
1.87781e+06
2.19377e+06
1.94366e+06
2.16488e+06
2.52955e+06
2.20418e+06
 2.2966e+06
1.88477e+06
1.66377e+06
1.72317e+06
2.51723e+06
2.07673e+06
1.97152e+06
1.50371e+06
2.67937e+06
1.46503e+06
1.66082e+06
2.02313e+06
1.87514e+06
2.37714e+06
 2.3161e+06
2.57628e+06
2.31858e+06
1.22721e+06
1.57258e+06
2.31967e+06
2.16668e+06
1.14885e+06
1.55662e+06
2.32305e+06
2.46207e+06
2.38918e+06
2.38064e+06
2.45216e+06
2.38704e+06
 2.6322e+06
2.05363e+06
2.27946e+06
2.25883e+06
2.22077e+06
2.07852e+06
2.26293e+06
1.61422e+06
2.43594e+06
 2.3631e+06
2.42989e+06
2.17366e+06
2.43629e+06
2.26065e+06
2.20454e+06
2.09933e+06
2.15415e+06
2.36727e+06
2.12358e+06
2.21703e+06
 2.1945e+06
2.21387e+06
2.30336e+06
1.95367e+06
1.83041e+06
2.27234e+06
1.67263e+06
2.04333e+06
 2.2124e+06
1.85262e+06
 2.2586e+06
2.29208e+06
2.14329e+06
1.84137e+06
2.24503e+06
2.52191e+06
2.17154e+06
2.37996e+06
1.18251e+06
2.18464e+06
1.64024e+06
2.01931e+06
1.64672e+06
1.52769e+06
2.22302e+06
1.94281e+06
2.19101e+06
1.77215e+06
2.11898e+06
2.30836e+06
2.36025e+06
2.27918e+06
2.10957e+06
2.01722e+06
1.49172e+06
1.90466e+06
1.13122e+06
2.29573e+06
2.32532e+06
2.07148e+06
1.28024e+06
1.59921e+06
2.28537e+06
 1.8408e+06
1.50204e+06
2.24111e+06
2.28188e+06
1.42387e+06
1.03863e+06
 2.2727e+06
2.19539e+06
2.37834e+06
2.14993e+06
2.57888e+06
2.40913e+06
2.40962e+06
2.29279e+06
2.31584e+06
2.37558e+06
 2.3011e+06
2.22873e+06
 2.4066e+06
2.22782e+06
2.32145e+06
2.29064e+06
2.41358e+06
 2.0727e+06
2.10688e+06
2.03056e+06
2.21859e+06
1.83602e+06
2.15684e+06
2.18114e+06
1.93117e+06
1.93378e+06
2.09653e+06
1.63528e+06
2.37449e+06
2.09657e+06
2.05901e+06
2.01783e+06
2.39149e+06
 2.4697e+06
 2.2656e+06
2.11887e+06
2.38327e+06
1.85471e+06
2.24837e+06
2.34329e+06
2.42278e+06
2.07822e+06
2.16225e+06
2.00466e+06
1.84723e+06
2.12726e+06
2.19513e+06
1.77848e+06
1.71139e+06
2.10638e+06
2.12726e+06
2.17988e+06
1.76009e+06
2.13206e+06
1.92214e+06
2.25044e+06
2.41158e+06
2.40482e+06
2.43386e+06
 2.3436e+06
2.40871e+06
2.21175e+06
2.28425e+06
2.37596e+06
2.36951e+06
 2.3782e+06
2.32492e+06
2.30142e+06
2.38654e+06
2.44643e+06
2.34988e+06
2.41538e+06
 1.7871e+06
2.45884e+06
2.08473e+06
2.66072e+06
2.71481e+06
1.88841e+06
 2.1706e+06
2.47732e+06
1.88887e+06
     708685
2.12937e+06
     764374
2.20911e+06
     923214
1.76202e+06
1.47583e+06
2.11755e+06
  2.638e+06
2.34426e+06
1.57096e+06
1.59263e+06
1.19222e+06
1.71802e+06
2.26149e+06
2.26261e+06
2.56473e+06
2.30318e+06
 2.0942e+06
2.41189e+06
2.29035e+06
2.46759e+06
2.25699e+06
 2.4366e+06
2.36309e+06
2.45887e+06
1.97073e+06
2.46213e+06
 2.4521e+06
2.31324e+06
2.45212e+06
1.88173e+06
2.32319e+06
2.38452e+06
2.29134e+06
2.49997e+06
2.34361e+06
2.43075e+06
     950519
2.47526e+06
2.24585e+06
2.50121e+06
2.39025e+06
2.01923e+06
 1.6399e+06
 2.2561e+06
1.50143e+06
1.65427e+06
2.60349e+06
2.35533e+06
2.38532e+06
1.80496e+06
2.16725e+06
1.56287e+06
2.18672e+06
2.59813e+06
2.16849e+06
1.90447e+06
2.52093e+06
 1.5185e+06
1.70614e+06
2.18921e+06
2.23427e+06
2.27319e+06
2.60351e+06
2.35434e+06
2.54235e+06
2.03762e+06
2.42255e+06
2.31118e+06
2.44698e+06
2.57243e+06
2.26088e+06
2.46122e+06
2.36476e+06
2.35644e+06
2.45518e+06
2.40087e+06
2.42499e+06
2.41451e+06
2.34136e+06
2.51336e+06
 2.4617e+06
2.26695e+06
1.89655e+06
2.11406e+06
2.32302e+06
1.98638e+06
2.18264e+06
2.57155e+06
2.48206e+06
2.44002e+06
2.17753e+06
2.02373e+06
2.32284e+06
2.04092e+06
1.92818e+06
2.14691e+06
2.48062e+06
2.10664e+06
2.41482e+06
2.32504e+06
 2.6038e+06
1.96581e+06
2.49732e+06
2.24595e+06
2.41708e+06
2.48026e+06
2.30033e+06
2.47625e+06
2.18848e+06
2.44852e+06
2.26867e+06
2.48373e+06
1.90473e+06
2.61329e+06
2.40976e+06
2.45575e+06
2.70737e+06
2.43578e+06
2.50403e+06
2.45417e+06
2.37549e+06
2.17373e+06
2.29505e+06
2.25702e+06
2.47143e+06
2.37987e+06
2.57264e+06
 2.4584e+06
2.60885e+06
2.27282e+06
2.57195e+06
2.35311e+06
2.08594e+06
2.61362e+06
2.59772e+06
1.89238e+06
1.60874e+06
 2.6062e+06
2.38494e+06
1.85645e+06
1.62002e+06
2.71439e+06
  2.678e+06
1.91196e+06
2.65384e+06
2.12769e+06
1.99534e+06
2.61203e+06
1.91513e+06
2.66985e+06
1.99234e+06
2.25471e+06
2.69033e+06
1.57232e+06
2.50943e+06
2.37224e+06
2.21924e+06
2.64634e+06
2.44936e+06
2.59155e+06
2.10361e+06
1.80685e+06
1.29332e+06
2.62321e+06
1.76012e+06
2.07968e+06
1.34368e+06
2.18034e+06
     242568
1.73755e+06
2.35643e+06
1.95519e+06
2.74222e+06
2.09067e+06
2.54466e+06
2.06529e+06
1.19133e+06
1.50169e+06
2.29838e+06
2.09681e+06
1.15782e+06
1.59566e+06
2.47422e+06
2.64643e+06
2.40065e+06
2.71099e+06
2.54251e+06
 2.5005e+06
2.46603e+06
2.43237e+06
2.48428e+06
2.44885e+06
2.38471e+06
2.32538e+06
2.59196e+06
2.21697e+06
2.44364e+06
1.40897e+06
2.34126e+06
2.27708e+06
2.45946e+06
2.29276e+06
2.43558e+06
2.39031e+06
2.41271e+06
2.41002e+06
1.16521e+06
2.48649e+06
2.51568e+06
 2.4767e+06
2.36077e+06
2.14574e+06
1.96314e+06
 2.2498e+06
1.60144e+06
2.46979e+06
2.43854e+06
2.50893e+06
2.23531e+06
2.49454e+06
  1.357e+06
2.44269e+06
2.08949e+06
1.70044e+06
2.32068e+06
2.58283e+06
2.47133e+06
2.28257e+06
 2.4848e+06
     994298
1.95607e+06
2.13203e+06
2.03454e+06
 2.2742e+06
2.50962e+06
2.03309e+06
2.41512e+06
2.48772e+06
2.50728e+06
2.49111e+06
2.49948e+06
1.94468e+06
1.44188e+06
1.69893e+06
1.31763e+06
2.52484e+06
2.54391e+06
2.28753e+06
1.75333e+06
1.98808e+06
2.53437e+06
2.17952e+06
1.14736e+06
2.56331e+06
2.12639e+06
2.11844e+06
1.52192e+06
2.43861e+06
2.51364e+06
2.40084e+06
2.32156e+06
2.40868e+06
2.43606e+06
2.15805e+06
2.46134e+06
2.50394e+06
2.21749e+06
 2.4397e+06
2.34575e+06
2.43064e+06
2.27191e+06
2.34229e+06
 2.5101e+06
2.53839e+06
2.28473e+06
2.40743e+06
2.31497e+06
2.49105e+06
1.83618e+06
2.69065e+06
2.63573e+06
2.13677e+06
1.95315e+06
2.42555e+06
2.09033e+06
2.65727e+06
2.29487e+06
2.50241e+06
2.10157e+06
2.61989e+06
 2.7055e+06
2.50241e+06
2.48362e+06
2.48478e+06
 2.0038e+06
2.66769e+06
2.28607e+06
2.51349e+06
2.47836e+06
2.49936e+06
2.39763e+06
 2.2277e+06
1.69098e+06
2.25731e+06
2.16757e+06
2.20542e+06
2.43748e+06
2.70559e+06
2.44129e+06
2.07539e+06
2.38427e+06
2.36804e+06
2.52139e+06
2.53285e+06
2.34252e+06
2.51977e+06
2.45757e+06
2.49407e+06
2.45042e+06
2.54702e+06
 2.5389e+06
2.46228e+06
2.53784e+06
2.58966e+06
 2.5001e+06
2.49879e+06
2.54182e+06
 2.4964e+06
2.30183e+06
2.42593e+06
2.35739e+06
2.65085e+06
2.69703e+06
2.41283e+06
2.71467e+06
2.77688e+06
2.79483e+06
 3.0145e+06
2.18925e+06
2.67425e+06
2.80132e+06
2.52611e+06
2.55656e+06
2.84744e+06
2.55939e+06
2.66374e+06
2.20986e+06
3.02958e+06
2.59522e+06
2.80865e+06
2.68713e+06
2.90983e+06
2.80829e+06
2.83459e+06
2.69124e+06
2.71183e+06
2.77636e+06
2.58551e+06
2.28994e+06
2.44151e+06
2.45248e+06
