2.02694e+06
2.30333e+06
2.28376e+06
2.39938e+06
2.12859e+06
1.94702e+06
2.23111e+06
3.81498e+06
2.77293e+06
2.35071e+06
2.05528e+06
2.36863e+06
2.26596e+06
1.65981e+06
2.15797e+06
1.80123e+06
2.15116e+06
2.01362e+06
 2.2628e+06
2.05422e+06
2.26951e+06
2.31192e+06
2.23099e+06
 2.2273e+06
2.43326e+06
2.15044e+06
2.47735e+06
2.62099e+06
2.06304e+06
2.54155e+06
2.37177e+06
2.16398e+06
2.57289e+06
2.11045e+06
2.43647e+06
2.30571e+06
2.22651e+06
1.43484e+06
 1.7472e+06
1.55726e+06
 2.4607e+06
2.03168e+06
3.12516e+06
3.34886e+06
2.69972e+06
2.85489e+06
2.45272e+06
4.19664e+06
2.72086e+06
3.27822e+06
2.64528e+06
2.84744e+06
2.84347e+06
3.33136e+06
2.96439e+06
3.07496e+06
2.84796e+06
6.05986e+06
3.00781e+06
2.96427e+06
3.48703e+06
3.57163e+06
3.16357e+06
3.40597e+06
2.15366e+06
2.32072e+06
2.70483e+06
2.86374e+06
3.10807e+06
3.37817e+06
3.02323e+06
3.03517e+06
2.98345e+06
3.81169e+06
4.10957e+06
3.62025e+06
3.19931e+06
3.05477e+06
3.61625e+06
3.39348e+06
2.54357e+06
2.28229e+06
2.69449e+06
 1.9968e+06
 1.5005e+06
 1.8119e+06
2.59204e+06
2.52871e+06
2.66339e+06
3.46088e+06
2.62802e+06
1.69646e+06
1.82507e+06
     929329
1.93646e+06
1.97245e+06
1.80949e+06
2.03504e+06
2.07516e+06
3.17819e+06
2.97374e+06
3.06717e+06
3.21653e+06
3.63691e+06
3.67394e+06
3.31829e+06
3.08144e+06
3.06544e+06
2.91785e+06
2.82122e+06
2.91158e+06
 3.5977e+06
2.99221e+06
3.23823e+06
 3.1135e+06
3.01872e+06
3.84097e+06
1.81421e+06
1.77024e+06
1.90517e+06
2.28283e+06
 4.0411e+06
3.94829e+06
 2.2914e+06
2.94274e+06
4.55581e+06
4.05252e+06
4.42325e+06
4.12266e+06
2.71612e+06
2.16115e+06
1.72726e+06
1.30212e+06
2.79649e+06
 2.5616e+06
2.82072e+06
 2.2396e+06
2.23882e+06
2.30022e+06
2.42849e+06
2.00066e+06
1.39275e+06
1.98088e+06
1.71448e+06
1.41395e+06
1.80484e+06
3.13339e+06
3.12599e+06
3.35453e+06
 3.5717e+06
3.06096e+06
3.14989e+06
3.02641e+06
3.32966e+06
3.40713e+06
3.36063e+06
4.20572e+06
3.61553e+06
3.93114e+06
3.68974e+06
3.89633e+06
3.07689e+06
