1.54745e+06
1.69809e+06
1.97172e+06
1.93014e+06
2.27477e+06
2.56184e+06
2.03754e+06
2.45171e+06
2.69076e+06
2.26777e+06
2.41218e+06
2.32526e+06
2.11702e+06
2.09658e+06
1.90795e+06
2.06314e+06
1.58237e+06
2.19726e+06
2.05904e+06
2.23987e+06
2.06504e+06
2.03207e+06
1.95931e+06
1.88556e+06
2.73316e+06
2.35631e+06
2.39312e+06
 2.1398e+06
2.30387e+06
2.36531e+06
2.06061e+06
2.59156e+06
1.38732e+06
1.50058e+06
1.70123e+06
1.75776e+06
2.39983e+06
2.32125e+06
2.59567e+06
2.43288e+06
1.78344e+06
1.36047e+06
2.05755e+06
1.90658e+06
2.03557e+06
1.94417e+06
1.45367e+06
2.10027e+06
2.37076e+06
2.22348e+06
2.67547e+06
1.96355e+06
1.73172e+06
2.17857e+06
1.39125e+06
2.34196e+06
 2.4112e+06
  1.912e+06
2.71018e+06
2.02035e+06
1.83854e+06
2.17296e+06
1.30744e+06
1.96299e+06
1.84226e+06
  1.794e+06
2.19271e+06
 1.5121e+06
2.37019e+06
 2.5646e+06
2.62289e+06
2.40809e+06
2.79858e+06
2.41456e+06
2.46992e+06
2.61077e+06
2.60273e+06
1.78309e+06
1.97317e+06
2.23272e+06
1.36032e+06
1.54811e+06
2.37189e+06
     348721
2.42018e+06
2.56441e+06
2.02625e+06
2.57068e+06
     364503
 2.6145e+06
1.09322e+06
2.64132e+06
2.31995e+06
2.49934e+06
1.89756e+06
2.75611e+06
1.23832e+06
     687402
2.55357e+06
1.56801e+06
2.68313e+06
  2.038e+06
1.88917e+06
 1.6579e+06
2.97528e+06
2.60546e+06
2.44006e+06
2.53615e+06
 2.1654e+06
 2.2801e+06
2.27329e+06
2.24087e+06
2.04696e+06
2.57737e+06
2.25644e+06
2.59256e+06
2.37747e+06
2.18902e+06
2.71795e+06
2.28613e+06
2.24391e+06
2.34311e+06
2.65324e+06
2.09579e+06
1.88248e+06
2.64477e+06
2.02736e+06
 2.6867e+06
2.12316e+06
 2.2566e+06
2.86469e+06
2.02245e+06
2.42994e+06
2.39567e+06
2.67361e+06
2.15049e+06
1.94229e+06
2.61521e+06
2.19929e+06
2.53153e+06
2.06389e+06
2.24932e+06
2.22959e+06
2.17831e+06
 2.4315e+06
 2.7262e+06
 2.7471e+06
2.42805e+06
2.59136e+06
2.88285e+06
3.07117e+06
 2.8001e+06
2.83573e+06
2.84853e+06
3.20219e+06
3.20254e+06
2.50787e+06
2.84387e+06
2.81861e+06
3.02973e+06
2.09182e+06
3.40686e+06
2.65988e+06
2.92192e+06
2.33032e+06
3.21616e+06
2.62731e+06
2.67674e+06
2.81185e+06
  3.218e+06
3.06713e+06
2.86961e+06
2.50912e+06
2.77185e+06
3.04299e+06
2.85748e+06
2.35456e+06
2.38338e+06
2.69546e+06
2.65097e+06
2.91192e+06
2.93561e+06
3.01917e+06
2.85743e+06
3.49154e+06
3.53224e+06
3.85878e+06
 3.0545e+06
3.21345e+06
3.27012e+06
3.33743e+06
3.68599e+06
3.17542e+06
3.56889e+06
3.66868e+06
 4.1046e+06
2.90495e+06
2.96561e+06
3.47617e+06
3.02024e+06
3.22385e+06
4.20388e+06
3.56723e+06
 3.3995e+06
3.18547e+06
3.78874e+06
3.36878e+06
3.38903e+06
3.53889e+06
2.84615e+06
3.80028e+06
3.41213e+06
 2.8706e+06
2.80081e+06
2.93768e+06
2.93153e+06
3.33262e+06
3.05555e+06
2.94837e+06
2.74863e+06
 3.4894e+06
3.38718e+06
2.80171e+06
3.60805e+06
  4.678e+06
3.65737e+06
4.39205e+06
5.30889e+06
3.58525e+06
2.41686e+06
 2.8434e+06
3.70477e+06
 4.7315e+06
2.70228e+06
4.53855e+06
3.90191e+06
3.67506e+06
 3.3653e+06
2.99582e+06
 2.5852e+06
4.55691e+06
5.42733e+06
4.40529e+06
3.93391e+06
3.49512e+06
3.47714e+06
2.79304e+06
3.69402e+06
3.13576e+06
2.56312e+06
2.73401e+06
3.00499e+06
2.42759e+06
2.87319e+06
2.46511e+06
3.25459e+06
4.25114e+06
3.65547e+06
4.21159e+06
3.44756e+06
4.19386e+06
3.61853e+06
3.66695e+06
3.65204e+06
3.20906e+06
3.70823e+06
3.76977e+06
3.91726e+06
4.74184e+06
4.01476e+06
3.33337e+06
3.93298e+06
3.41312e+06
4.08577e+06
3.81458e+06
3.63323e+06
4.27973e+06
3.65338e+06
 3.7312e+06
3.82183e+06
4.14449e+06
3.44264e+06
4.25801e+06
3.99801e+06
2.50064e+06
3.08735e+06
2.65786e+06
2.98433e+06
 3.3885e+06
3.24855e+06
3.47119e+06
3.05874e+06
3.67647e+06
2.95384e+06
3.93556e+06
2.95403e+06
3.52933e+06
 4.1461e+06
3.31273e+06
3.77078e+06
4.06695e+06
3.58149e+06
3.19788e+06
3.41955e+06
2.98909e+06
2.61229e+06
2.20501e+06
2.65767e+06
4.03799e+06
3.45131e+06
3.12779e+06
3.79022e+06
3.44064e+06
 3.6653e+06
3.24523e+06
4.16399e+06
3.70818e+06
2.88689e+06
3.77788e+06
2.89383e+06
3.07413e+06
2.99276e+06
3.40285e+06
3.68163e+06
