   0.12215    1.86125
   1.86125 -0.0573381
 -1.17808   1.66849
  1.66849 -0.964175
 0.0223989    1.86896
   1.86896 -0.0227437
-0.00198077     1.86496
    1.86496   0.0682487
-0.157996   1.87552
  1.87552   0.04564
-0.0481966    1.79226
   1.79226  -0.215203
-0.0385836    1.78584
   1.78584   0.150905
0.0893535    1.8982
   1.8982 0.0670738
 -0.112283    1.89678
   1.89678 -0.0758478
1.46989 1.68073
1.68073 1.19996
-0.00968302     1.83025
    1.83025  -0.0144026
-0.515233   1.17951
  1.17951 -0.553282
 -0.235051    1.01488
   1.01488 -0.0463309
-0.741032   1.84093
  1.84093 -0.487073
0.0339288   1.11517
  1.11517 0.0186285
 -1.60245   1.08361
  1.08361 -0.654664
-0.0399431   0.984994
  0.984994 -0.0166862
 1.58127  1.08689
 1.08689 0.648664
  0.23333     1.106
    1.106 -0.183825
 1.49147  1.05164
 1.05164 0.675674
-0.66801  1.07365
 1.07365 -1.56208
  0.19114   1.01392
  1.01392 0.0275683
 0.140445   1.08117
  1.08117 -0.298199
-0.239084   1.10258
  1.10258  0.189989
0.745621   1.8497
  1.8497 0.501753
0.0121066   1.98698
  1.98698  0.019569
 -1.55103   1.06994
  1.06994 -0.712444
0.72996 1.09562
1.09562 1.62837
-0.640732   1.06562
  1.06562  -1.53969
0.633252  1.06243
 1.06243  1.55966
-0.156018   1.08395
  1.08395  0.342843
0.414386  1.15619
 1.15619 0.123737
 -0.369834    1.14388
   1.14388 -0.0491745
0.378289  1.16756
 1.16756  0.47196
 -0.48448   1.80658
  1.80658 -0.888774
4.56232 1.73848
1.73848 2.66535
2.66365 1.74189
1.74189 4.49591
-4.48847  1.73678
 1.73678 -2.69085
-2.62768  1.73865
 1.73865 -4.51423
4.51127 1.71006
1.71006 2.55885
  2.648 1.70196
1.70196  4.5841
 -2.6232  1.70642
 1.70642 -4.56889
-4.51717  1.71295
 1.71295 -2.54424
-0.300975    2.0663
   2.0663 -0.225758
0.453819  1.77805
 1.77805 0.826416
-0.393578   1.93633
  1.93633 -0.392253
0.401038  1.94012
 1.94012 0.408891
0.445957  1.81592
 1.81592 0.848659
-0.536741   1.79614
  1.79614 -0.958089
0.00544453    2.06827
   2.06827 -0.0988333
 -0.123543    2.08227
   2.08227 -0.0288094
  -1.41351    1.37022
   1.37022 -0.0559602
0.21048 1.37146
1.37146 1.46611
 -1.64949   1.40327
  1.40327 -0.458203
   1.33167    1.38116
   1.38116 -0.0549994
-0.00157967      1.3892
     1.3892    -1.36387
0.250384  1.41468
 1.41468  1.56521
-0.270755   1.41507
  1.41507  -1.55682
1.63306 1.41154
1.41154  0.3941
2.73525 2.13987
2.13987 2.65107
-2.87203  2.08206
 2.08206 -2.88679
-2.70572  2.13228
 2.13228 -2.56788
2.72713 2.07582
2.07582 2.87403
0.392763  2.03937
 2.03937 0.351349
0.0131516   1.86536
  1.86536  0.191344
 0.0880154    1.83135
   1.83135 -0.0859184
-0.0921859   0.199077
  0.199077  -0.105455
0.0961223   0.19521
  0.19521  0.102623
 -0.0324191    0.168857
   0.168857 -0.00426726
0.0826291  0.197834
 0.197834  0.091111
-0.0276431   0.161752
  0.161752 -0.0393698
 0.020431  0.164443
 0.164443 0.0229623
-0.0870932   0.207031
  0.207031 -0.0904107
 -0.069321   0.185701
  0.185701 -0.0581795
0.174501  0.19031
 0.19031 0.108048
 -0.178679   0.319994
  0.319994 -0.0913415
0.00289579    0.31645
   0.31645  -0.011082
0.0776966  0.182398
 0.182398  0.051328
 -0.178575   0.322289
  0.322289 -0.0878699
0.0414411  0.317749
 0.317749 0.0538635
-0.0986285   0.320443
  0.320443 -0.0487601
0.177933 0.316208
0.316208 0.089074
 0.181207    0.3184
   0.3184 0.0908719
0.00111536   0.316593
  0.316593 0.00110262
-0.00560803    0.183949
   0.183949 -0.00377104
-0.0473093   0.322152
  0.322152 -0.0351935
-0.0125161   0.304677
  0.304677  -0.032134
0.0776867  0.312431
 0.312431 0.0401364
-0.0755779   0.183713
  0.183713 -0.0455616
-0.0874948   0.313745
  0.313745 -0.0497477
0.00528979   0.134158
  0.134158 0.00720378
-0.128931  0.308269
 0.308269 -0.217145
0.0886612  0.313169
 0.313169  0.174662
0.0880984  0.313108
 0.313108  0.171411
-0.0853199   0.314721
  0.314721   -0.17353
0.00297256   0.316816
  0.316816  0.0596421
 0.0186057   0.310689
  0.310689 -0.0108392
0.00932961   0.308872
  0.308872 -0.0267961
-0.0241878   0.306979
  0.306979 0.00590224
 -0.53986   0.35849
  0.35849 -0.360116
-0.355104  0.357892
 0.357892 -0.532912
-0.572878   0.35184
  0.35184 -0.402511
-0.327628  0.344369
 0.344369  -0.49834
0.349006  0.35752
 0.35752 0.524065
0.529007 0.357803
0.357803 0.349712
0.513867  0.35751
 0.35751 0.332567
 0.38658 0.362329
0.362329 0.556232
-0.0538982   0.123438
  0.123438 -0.0370697
 -0.12343  0.182742
 0.182742 -0.194898
0.0580341  0.184619
 0.184619  0.102641
-0.0922028   0.149545
  0.149545 -0.0996603
0.106185 0.144719
0.144719 0.104306
 0.0097506   0.164693
  0.164693 -0.0379525
0.0955061   0.18413
  0.18413  0.162482
 -0.10159  0.183705
 0.183705 -0.162895
0.0209406   0.13098
  0.13098 0.0146812
-0.0598198   0.117472
  0.117472 -0.0634413
0.210241 0.328544
0.328544 0.287117
-0.21436 0.319216
0.319216 -0.30201
0.222601 0.331522
0.331522 0.282911
-0.206025  0.329948
 0.329948 -0.284549
-0.290864    0.3336
   0.3336 -0.205985
0.313178 0.329903
0.329903  0.21962
-0.218012  0.333998
 0.333998 -0.156489
0.302696  0.33259
 0.33259 0.213496
 -0.061832   0.197378
  0.197378 -0.0323863
0.147424 0.197338
0.197338 0.113762
0.125988 0.195504
0.195504 0.155627
-0.226609  0.203747
 0.203747 -0.173979
-0.163702  0.196908
 0.196908 -0.143246
0.0958197  0.138681
 0.138681 0.0947719
0.00908115   0.172338
  0.172338  0.0291958
   0.0163568     0.178362
    0.178362 -0.000622268
-0.0675329   0.190578
  0.190578 -0.0849317
  0.034054    1.86072
   1.86072 -0.0109611
-0.0993942    1.87626
   1.87626  0.0124214
 0.0796269    1.88491
   1.88491 -0.0577813
 0.0850478    1.82337
   1.82337 -0.0560079
0.0647709   1.89787
  1.89787 0.0367564
-0.010412   1.90576
  1.90576  0.112957
 0.0495761     1.7949
    1.7949 -0.0941194
0.355461  1.77142
 1.77142 0.292988
 -1.05262    1.7671
   1.7671 -0.609457
1.60073 1.08283
1.08283 0.65042
-0.118376   1.03991
  1.03991  -0.28791
 0.165686   1.01633
  1.01633 0.0193715
0.00404269   0.990256
  0.990256 0.00233505
 -1.59222   1.08683
  1.08683 -0.675608
-0.718609   1.84931
  1.84931 -0.473736
 0.0219867    1.83841
   1.83841 0.00524811
-0.0819463     1.0546
    1.0546 -0.0323034
-0.25417  1.10384
 1.10384 0.158089
  0.1882  1.17158
 1.17158 0.450923
0.726823  1.85072
 1.85072 0.464375
 0.264429   1.10671
  1.10671 -0.160243
 -1.53868   1.05233
  1.05233 -0.621255
  1.7152  1.10573
 1.10573 0.711387
-0.0303852     2.0049
    2.0049 -0.0509223
   0.44941    1.09685
   1.09685 -0.0564314
0.648724  1.05909
 1.05909  1.56585
-0.740609   1.09745
  1.09745  -1.64054
-0.635946   1.05121
  1.05121  -1.55531
0.513574  1.03894
 1.03894   1.4054
 0.191156   1.09455
  1.09455 -0.252744
 0.375836    1.1548
   1.1548 0.0836245
 -0.366245     1.1407
    1.1407 -0.0619072
-0.206608   1.11886
  1.11886 0.0391286
4.53806 1.71093
1.71093   2.578
2.64555 1.70573
1.70573 4.57447
2.50847 1.76148
1.76148  4.4308
-2.61565  1.71284
 1.71284  -4.5144
-4.58166  1.70669
 1.70669 -2.67139
-4.52516  1.71029
 1.71029 -2.53362
-2.62981  1.70285
 1.70285 -4.57774
4.48213  1.7509
 1.7509 2.66863
0.294418  2.12497
 2.12497 0.169332
-0.546441   1.79145
  1.79145 -0.845415
0.692076  1.78823
 1.78823  1.12827
-0.563341   1.97808
  1.97808 -0.488141
0.417114   1.9434
  1.9434 0.416345
-0.148406   1.87286
  1.87286  0.104278
-0.559065    1.7818
   1.7818 -0.978764
0.554382  1.80438
 1.80438 0.930682
0.0347658   2.04625
  2.04625 0.0962208
0.288044  2.16754
 2.16754 0.290036
-1.28056  1.43372
 1.43372  0.13759
   1.35942    1.36756
   1.36756 -0.0386488
  -1.41133    1.37059
   1.37059 -0.0529529
 1.60807  1.40612
 1.40612 0.385429
-0.041522   1.36092
  1.36092   1.33431
-0.287332   1.41094
  1.41094  -1.57846
0.236038  1.42536
 1.42536    1.551
-0.590074   1.39646
  1.39646   -1.7589
 0.64524  1.76699
 1.76699 0.339189
-2.54695  2.09211
 2.09211 -2.75619
-2.69287  2.13804
 2.13804 -2.54521
3.13208 2.08419
2.08419 2.82753
2.76078 2.13343
2.13343 2.67977
-0.539746   2.00865
  2.00865 -0.588619
-0.121506   1.82277
  1.82277 0.0231156
-0.0765011    1.86021
   1.86021  -0.211587
0.190871  1.78458
 1.78458 0.363878
0.0982248  0.198782
 0.198782  0.107479
-0.0857029   0.198156
  0.198156 -0.0976417
-0.0338757   0.172442
  0.172442 -0.0148286
0.0733861  0.196025
 0.196025 0.0739462
-0.0291327   0.167833
  0.167833 -0.0399859
0.0131989  0.161383
 0.161383 0.0129681
-0.0674754   0.202445
  0.202445 -0.0569262
-0.0779077   0.186659
  0.186659 -0.0620373
0.193164 0.195891
0.195891 0.122005
0.0258316  0.319365
 0.319365 0.0172492
0.0588021  0.326881
 0.326881 0.0695853
0.000641092    0.135142
   0.135142  0.00562507
-0.029385  0.315316
 0.315316 -0.010292
 0.0129345   0.318729
  0.318729 0.00735758
0.0893899  0.185338
 0.185338 0.0587166
0.0760568  0.312956
 0.312956 0.0322303
 -0.033862   0.306051
  0.306051 -0.0710474
0.00593601   0.185397
  0.185397 0.00972976
 -0.174398   0.317156
  0.317156 -0.0872179
0.199554 0.315751
0.315751 0.105403
 0.157664  0.302806
 0.302806 0.0779781
 -0.142482   0.319015
  0.319015 -0.0558191
-0.0757393   0.313383
  0.313383 -0.0331963
-0.0936765   0.321248
  0.321248 -0.0188386
-0.0784334   0.183403
  0.183403 -0.0476645
-0.0862672   0.315036
  0.315036  -0.175769
0.0820605  0.316715
 0.316715  0.170362
0.0870223  0.312085
 0.312085   0.17429
-0.117422  0.301005
 0.301005 -0.194917
0.0199036  0.314251
 0.314251 0.0661906
-0.0192689   0.308762
  0.308762  0.0188375
 0.0406365   0.308424
  0.308424 0.00720493
0.00987886   0.304188
  0.304188 -0.0173998
-0.344532  0.354942
 0.354942 -0.524232
-0.339163  0.359546
 0.359546 -0.519109
0.364218 0.354088
0.354088  0.53118
-0.538082  0.361778
 0.361778 -0.364814
  0.5201 0.352553
0.352553 0.344595
0.505178 0.350966
0.350966 0.336487
0.355556  0.35331
 0.35331 0.532973
-0.551469  0.358803
 0.358803 -0.394512
-0.0502243   0.125638
  0.125638 -0.0341442
0.0681107  0.185484
 0.185484  0.103635
-0.120881  0.182098
 0.182098 -0.191783
0.121324 0.148225
0.148225 0.122715
-0.0731698   0.149567
  0.149567 -0.0829229
 0.0152327   0.165956
  0.165956 -0.0307522
0.102432 0.188758
0.188758 0.161837
-0.091189  0.180494
 0.180494 -0.159256
  -0.06711   0.120544
  0.120544 -0.0730648
  0.0105479    0.133369
   0.133369 -0.00238573
-0.218755  0.330363
 0.330363 -0.305647
-0.241822  0.317309
 0.317309 -0.317363
0.205963 0.332136
0.332136 0.282534
0.188302 0.325885
0.325885  0.26197
0.287208 0.328765
0.328765 0.202178
0.292427 0.319728
0.319728  0.21871
-0.300319  0.334616
 0.334616  -0.22271
-0.255093   0.33849
  0.33849 -0.197129
-0.0908968   0.197208
  0.197208 -0.0443137
0.160271 0.197558
0.197558 0.135939
0.125585 0.194941
0.194941 0.168063
-0.143466  0.198426
 0.198426 -0.121663
-0.210214  0.197593
 0.197593 -0.149826
 0.11212 0.142873
0.142873 0.109342
  0.032188   0.178277
  0.178277 0.00433156
0.0263764  0.175667
 0.175667 0.0395883
-0.0617575   0.191926
  0.191926 -0.0771672
0.110036  0.19758
 0.19758 0.100587
-0.0986186   0.197944
  0.197944  -0.090854
0.00034285   0.170536
  0.170536 -0.0298104
0.0967104  0.201882
 0.201882 0.0863217
-0.0369675   0.164112
  0.164112 -0.0269545
0.0250167  0.161836
 0.161836 0.0185332
-0.0790428   0.206667
  0.206667 -0.0811518
-0.0593312   0.186104
  0.186104 -0.0732695
0.108163 0.191101
0.191101  0.16856
0.095983 0.319444
0.319444 0.182636
 -0.0152661    0.317705
   0.317705 -0.00305773
-0.0182648   0.318573
  0.318573 -0.0394035
-0.0771587   0.317787
  0.317787  -0.164682
0.0514433  0.316168
 0.316168 0.0292081
0.106426  0.31133
 0.31133 0.191231
-0.0334866   0.302473
  0.302473 -0.0177115
0.00548648   0.317014
  0.317014 0.00427238
-0.0844003   0.319902
  0.319902  -0.175752
-0.0424444   0.183197
  0.183197 -0.0740513
0.00461527   0.183807
  0.183807 0.00164626
-0.0378279   0.317671
  0.317671 -0.0959971
-0.0424554   0.313416
  0.313416 -0.0832188
0.0497935  0.183504
 0.183504 0.0769768
0.0491613  0.313511
 0.313511 0.0849503
0.00709587   0.134032
  0.134032 0.00175755
-0.217231  0.308282
 0.308282 -0.129082
 0.173428  0.315391
 0.315391 0.0858052
 0.190486  0.318444
 0.318444 0.0943817
 -0.177656   0.313658
  0.313658 -0.0910271
-0.0105371    0.30537
   0.30537  0.0165465
0.0735693  0.317321
 0.317321 0.0198516
 0.0252055   0.309793
  0.309793 -0.0104543
-4.19625e-05     0.310763
    0.310763    0.0260577
0.531693 0.358368
0.358368 0.357713
0.353465 0.358317
0.358317  0.53493
0.347131 0.351695
0.351695 0.525772
 0.51872  0.35169
 0.35169 0.354083
 -0.4957 0.344662
0.344662 -0.32428
-0.393046  0.351216
 0.351216 -0.558014
-0.524055  0.358479
 0.358479 -0.346545
-0.354938  0.359335
 0.359335 -0.532789
-0.0344006   0.125362
  0.125362 -0.0519168
-0.187577  0.182497
 0.182497 -0.120051
0.102727 0.188692
0.188692 0.057929
-0.0872757   0.147964
  0.147964 -0.0823807
0.111319 0.145935
0.145935 0.108233
-0.0334826   0.165741
  0.165741  0.0117428
 -0.163474   0.182675
  0.182675 -0.0987547
 0.156299  0.184192
 0.184192 0.0941278
-0.0652706   0.120164
  0.120164 -0.0627678
0.00926616   0.130472
  0.130472  0.0154919
-0.298943  0.318923
 0.318923 -0.211561
-0.292802  0.328727
 0.328727 -0.213316
0.272657 0.332189
0.332189 0.194148
0.278413 0.330997
0.330997 0.203997
-0.164672  0.331589
 0.331589  -0.22264
0.208056 0.332188
0.332188 0.294874
  0.1968 0.322907
0.322907 0.274139
-0.212038   0.33518
  0.33518 -0.299839
-0.0345203   0.198304
  0.198304 -0.0705829
0.175945 0.200352
0.200352 0.133215
-0.120846  0.198728
 0.198728 -0.150832
 -0.16442   0.20264
  0.20264 -0.216779
0.134684 0.196795
0.196795 0.159819
0.0971075  0.139328
 0.139328 0.0985691
0.0107155  0.179899
 0.179899 0.0320318
0.0317585  0.173603
 0.173603 0.0127685
-0.0793328   0.192194
  0.192194 -0.0655912
-0.0977608    1.87297
   1.87297  0.0181188
 0.0959594    1.89104
   1.89104 -0.0326653
 0.0852659     1.8429
    1.8429 0.00672689
 0.0684299    1.82484
   1.82484 -0.0582607
-0.0103099    1.90494
   1.90494   0.116157
 0.124354   1.91362
  1.91362 0.0748897
0.0468195   1.80036
  1.80036 -0.110693
0.366741  1.77106
 1.77106 0.296492
 -1.06975   1.76992
  1.76992 -0.626193
-0.0581233    1.99723
   1.99723 -0.0749104
 1.71195  1.11311
 1.11311 0.708036
-0.0895186    1.03404
   1.03404   -0.28021
  0.434057    1.09697
   1.09697 -0.0950938
 -1.53836   1.04975
  1.04975 -0.619148
 -1.58723   1.08631
  1.08631 -0.672234
0.00489833   0.983945
  0.983945 -0.0156555
-0.743669   1.84397
  1.84397 -0.491919
-0.0751034    1.05684
   1.05684 -0.0263078
 0.182346   1.02041
  1.02041 0.0521289
0.598955  1.04771
 1.04771  1.52736
0.194573  1.16847
 1.16847 0.458535
-0.259362   1.10484
  1.10484  0.149354
 -0.317295     1.1424
    1.1424 -0.0232597
 0.065592   1.82687
  1.82687 0.0585584
 1.69545  1.10166
 1.10166 0.720921
-0.750355   1.08762
  1.08762  -1.65784
0.585982  1.83073
 1.83073 0.377589
0.516042   1.0434
  1.0434  1.41552
-0.637856   1.05364
  1.05364  -1.55911
 0.376003   1.15655
  1.15655 0.0813614
-0.213051   1.12354
  1.12354 0.0353441
 0.316702   1.10444
  1.10444 -0.172167
 0.165564   1.09212
  1.09212 -0.264129
4.47339 1.75839
1.75839 2.66839
2.51751 1.76665
1.76665 4.45917
 -2.6404  1.70365
 1.70365 -4.58405
-4.50788  1.71347
 1.71347 -2.52017
-4.59347  1.70599
 1.70599 -2.67457
-2.63011  1.71087
 1.71087 -4.54034
4.56452 1.71487
1.71487 2.66957
2.65462 1.71619
1.71619 4.55317
0.291018  2.12366
 2.12366 0.157129
0.569113  1.80909
 1.80909 0.965138
0.69319  1.7897
 1.7897 1.12888
-0.520529   1.79746
  1.79746  -0.80311
0.398381  1.94766
 1.94766  0.36588
-0.553677   1.97568
  1.97568 -0.472424
-0.138989   1.87263
  1.87263  0.106623
-0.552848   1.78106
  1.78106 -0.974208
0.0734167   2.05723
  2.05723  0.130426
0.294098  2.16801
 2.16801 0.296389
-0.495944   1.39828
  1.39828  -1.69236
   1.36277     1.3685
    1.3685 -0.0265365
-1.29295  1.44064
 1.44064 0.134668
 1.63158  1.39978
 1.39978 0.400387
-0.0379777    1.35987
   1.35987    1.34344
-0.588392   1.40234
  1.40234  -1.75354
0.230433  1.42608
 1.42608  1.55055
   -1.4292    1.36691
   1.36691 -0.0818021
0.670644  1.76946
 1.76946 0.350945
3.13297 2.09356
2.09356 2.83211
-2.70368  2.13549
 2.13549  -2.5488
-2.55738  2.09148
 2.09148  -2.7652
2.86927 2.11067
2.11067 2.68294
-0.551076   2.01303
  2.01303 -0.602957
-0.0727406    1.86149
   1.86149  -0.206543
 -0.145814    1.82924
   1.82924 0.00810002
0.197328  1.78648
 1.78648 0.366814
0.100204 0.196107
0.196107 0.107639
 -0.0314972     0.16813
    0.16813 -0.00434036
-0.0924278   0.201026
  0.201026  -0.102524
0.0843175  0.197147
 0.197147 0.0917577
  -0.02763   0.161896
  0.161896 -0.0392046
0.0163658   0.16178
  0.16178 0.0193989
-0.0838117   0.205562
  0.205562 -0.0882305
-0.0654749   0.185508
  0.185508 -0.0559282
0.174823 0.189505
0.189505 0.109971
0.0450874  0.317685
 0.317685 0.0578139
0.0124458  0.135609
 0.135609 0.0129379
0.0104194  0.315922
 0.315922 0.0105706
0.190533 0.319385
0.319385 0.097744
0.0764455  0.182792
 0.182792 0.0514086
-0.0871099   0.314063
  0.314063  -0.174771
-0.0449625   0.321692
  0.321692 -0.0333132
 0.00591792    0.315118
   0.315118 -0.00604251
0.0787159  0.312092
 0.312092 0.0455615
0.00524121   0.308629
  0.308629 -0.0307922
 -0.013055   0.304543
  0.304543 -0.0307415
 0.176677  0.316414
 0.316414 0.0893076
 -0.177516   0.323177
  0.323177 -0.0854369
-0.0107379   0.185276
  0.185276 -0.0102226
 -0.100869   0.320853
  0.320853 -0.0501034
 -0.171506   0.323267
  0.323267 -0.0828472
0.0946959  0.312392
 0.312392  0.181028
-0.117396  0.308955
 0.308955 -0.198066
-0.0482427   0.185839
  0.185839 -0.0299884
0.0879266  0.312806
 0.312806  0.170461
0.0044871  0.316441
 0.316441 0.0610213
 -0.110699   0.315323
  0.315323 -0.0672408
-0.0226712    0.30604
   0.30604 0.00569275
 0.0119019   0.310568
  0.310568 -0.0152708
-0.550649  0.358773
 0.358773 -0.374068
-0.354374  0.356884
 0.356884  -0.53255
0.386328 0.362313
0.362313 0.553928
0.517233 0.357842
0.357842 0.333616
0.516123 0.353757
0.353757 0.339888
0.348653 0.354585
0.354585  0.52391
-0.573243  0.352879
 0.352879 -0.403867
-0.336088   0.34647
  0.34647  -0.51284
-0.0494546   0.124288
  0.124288  -0.032698
-0.101783  0.183019
 0.183019 -0.168175
0.0564563   0.18375
  0.18375 0.0993356
-0.119054  0.182682
 0.182682  -0.19031
-0.0860837   0.149159
  0.149159 -0.0889883
0.103998 0.145295
0.145295 0.101337
0.00809083   0.164596
  0.164596 -0.0396322
0.0938417  0.183874
 0.183874  0.159219
0.0169376  0.129641
 0.129641  0.010804
-0.0583161   0.118537
  0.118537 -0.0624906
-0.216144  0.319195
 0.319195 -0.303694
0.198929 0.326252
0.326252 0.273952
-0.257052  0.336207
 0.336207  -0.18219
0.225352 0.331561
0.331561 0.284622
0.314247 0.329637
0.329637 0.219797
-0.199074  0.329007
 0.329007 -0.276223
0.294652 0.331563
0.331563 0.202877
-0.224339  0.335686
 0.335686 -0.161457
-0.0640418    0.19614
   0.19614 -0.0340755
0.125685 0.195011
0.195011 0.154367
-0.197144   0.19866
  0.19866 -0.157408
-0.229268  0.202284
 0.202284 -0.174631
0.151719 0.198669
0.198669 0.116591
0.0975095  0.138245
 0.138245 0.0959696
 0.0242228   0.176922
  0.176922 0.00499364
0.00892708   0.172108
  0.172108  0.0279341
-0.0636191    0.18998
   0.18998  -0.080348
 0.0861705    1.87684
   1.87684 -0.0253123
-0.019347   1.86008
  1.86008 0.0306048
-0.0835231    1.88123
   1.88123  0.0520766
-0.103373    1.8209
   1.8209 0.0384456
 -0.076258    1.89105
   1.89105 -0.0474939
0.0065475   1.90227
  1.90227 -0.115551
-0.0230791     1.8038
    1.8038   0.136983
-0.364032   1.77036
  1.77036 -0.298049
 1.05814  1.76247
 1.76247 0.612773
-0.0433251   0.984267
  0.984267 -0.0258811
0.107693  1.03296
 1.03296 0.287634
0.0323089   1.99935
  1.99935 0.0526651
-0.752805   1.84626
  1.84626 -0.483025
0.0806485   1.05276
  1.05276 0.0337336
 -0.180787     1.0129
    1.0129 -0.0463321
-0.252673   1.10649
  1.10649  0.187386
 -0.43942   1.09875
  1.09875 0.0942779
-0.0329877    1.83506
   1.83506 -0.0194068
  1.5833  1.09059
 1.09059 0.668834
 -1.60618   1.08706
  1.08706 -0.647829
 -1.67643   1.11477
  1.11477 -0.684736
 1.52988  1.05176
 1.05176 0.608229
0.725153  1.84828
 1.84828 0.478681
 0.235668   1.10337
  1.10337 -0.183711
-0.199334   1.16882
  1.16882 -0.469704
-0.647787   1.06725
  1.06725   -1.5631
0.719634  1.09792
 1.09792  1.60378
0.619356  1.05425
 1.05425  1.53765
-0.495545   1.04175
  1.04175  -1.39389
  0.220909    1.12164
   1.12164 -0.0331564
 -0.389093    1.15497
   1.15497 -0.0892597
 0.389829   1.14136
  1.14136 0.0742213
-0.199894   1.09308
  1.09308  0.242863
2.61396 1.69981
1.69981 4.55934
4.50963 1.70668
1.70668  2.5262
-2.53676  1.77021
 1.77021 -4.49895
 -4.5106  1.76161
 1.76161 -2.69719
-4.53479  1.71908
 1.71908  -2.5749
-2.64864  1.71359
 1.71359 -4.57088
4.56228  1.7033
 1.7033 2.65478
2.61507 1.70777
1.70777 4.51267
-0.301517   2.12283
  2.12283 -0.171593
-0.700093   1.78785
  1.78785  -1.13869
 0.54948  1.78526
 1.78526 0.845242
-0.426485   1.93656
  1.93656 -0.425717
0.560353  1.97382
 1.97382  0.48311
   0.1473   1.86993
  1.86993 -0.100307
-0.565579    1.7973
   1.7973 -0.943882
0.556116   1.7779
  1.7779  0.97954
-0.0448523    2.03971
   2.03971  -0.107011
-0.295792   2.16634
  2.16634 -0.296102
 -1.60312   1.40514
  1.40514 -0.387907
 -1.35066   1.36771
  1.36771 0.0460512
  1.41168   1.37781
  1.37781 0.0597575
 1.29848  1.44263
 1.44263 -0.14525
0.291466  1.41534
 1.41534  1.58785
0.590202  1.40394
 1.40394  1.75712
-0.23273  1.42541
 1.42541 -1.53848
0.0485758   1.35807
  1.35807  -1.32981
-0.681435   1.76952
  1.76952    -0.358
-2.76952  2.13533
 2.13533 -2.68455
-3.15062  2.10242
 2.10242  -2.8527
2.67277 2.13861
2.13861 2.52922
2.53694 2.09109
2.09109 2.74153
0.542028   2.0026
  2.0026 0.596816
0.0781635   1.85926
  1.85926  0.212953
  0.114746    1.81522
   1.81522 -0.0314369
-0.182387   1.78467
  1.78467 -0.353669
 0.0153769    1.86198
   1.86198 -0.0246952
-0.013002   1.87576
  1.87576 0.0928057
0.0580833   1.88552
  1.88552 -0.086687
0.0499477   1.82389
  1.82389 -0.099889
 -0.111518    1.90248
   1.90248 0.00611887
-0.0398122    1.89508
   1.89508 -0.0624177
  0.100293    1.79919
   1.79919 -0.0539369
-0.288803   1.77378
  1.77378 -0.360672
0.611919  1.76777
 1.76777  1.04518
-0.651418    1.0842
   1.0842  -1.59995
0.295143  1.03989
 1.03989 0.115197
0.477479  1.84832
 1.84832 0.716354
0.0950879   1.04974
  1.04974  0.108558
-0.0525335    1.01246
   1.01246  -0.182672
0.677627   1.0859
  1.0859  1.59546
-0.000131869     0.991379
    0.991379  -0.00227346
-0.00229727     1.83668
    1.83668  -0.0208472
-0.158403   1.10412
  1.10412  0.248506
-0.451706   1.17258
  1.17258 -0.198049
-0.473278   1.85094
  1.85094 -0.733085
 0.162074   1.10752
  1.10752 -0.261871
-0.717603   1.10885
  1.10885  -1.74369
0.616307  1.05082
 1.05082  1.52941
0.0505365   2.00136
  2.00136  0.028725
0.0654047   1.09896
  1.09896 -0.458516
 1.55401  1.05612
 1.05612 0.630438
-1.40263  1.03328
 1.03328 -0.51498
 -1.56872   1.06452
  1.06452 -0.645277
 1.5982 1.09792
1.09792 0.71551
 0.245928   1.09337
  1.09337 -0.197431
0.0658529   1.14072
  1.14072  0.385954
-0.0390062      1.116
     1.116   0.195892
-0.0878062     1.1524
    1.1524   -0.39763
-2.58362  1.71735
 1.71735 -4.53773
-4.59199  1.71113
 1.71113 -2.65385
-4.46156  1.77141
 1.77141 -2.53367
4.54601 1.70244
1.70244 2.61343
2.53397 1.70719
1.70719 4.53057
-2.69041  1.75996
 1.75996 -4.53393
 4.5088 1.70827
1.70827 2.61015
2.65883 1.70285
1.70285 4.56853
-0.166328   2.12656
  2.12656 -0.297732
0.837306  1.78858
 1.78858 0.538554
 -1.12626   1.79092
  1.79092 -0.696786
0.493144  1.97428
 1.97428  0.56856
 -0.42167   1.93961
  1.93961 -0.424968
-0.105161   1.87634
  1.87634  0.139167
0.995296  1.77686
 1.77686 0.564281
-0.950894   1.79984
  1.79984 -0.566365
  -0.10211    2.04406
   2.04406 -0.0409883
-0.293598   2.16902
  2.16902  -0.29631
-0.128354   1.43492
  1.43492   1.29915
0.0464237   1.36792
  1.36792  -1.34431
0.0544408   1.37603
  1.37603   1.41758
-0.38404  1.40538
 1.40538 -1.60249
 1.58196  1.41311
 1.41311 0.291256
 -1.33067   1.35929
  1.35929 0.0451813
 -1.55381   1.42462
  1.42462 -0.239335
 1.78671  1.40293
 1.40293 0.597776
-0.341228   1.77099
  1.77099 -0.662987
2.73952 2.09359
2.09359 2.53134
2.53779 2.13627
2.13627  2.6864
-2.85377   2.0919
  2.0919 -3.16855
-2.69218  2.13635
 2.13635 -2.76933
0.58941 2.00895
2.00895 0.53249
-0.0248662     1.8207
    1.8207   0.120316
  0.22135    1.8603
   1.8603 0.0835728
-0.355361   1.78765
  1.78765 -0.193608
-0.0981855   0.194853
  0.194853 -0.0961278
0.00317139    0.16742
   0.16742  0.0293685
 0.107226  0.202679
 0.202679 0.0974902
 -0.102192   0.198775
  0.198775 -0.0976384
 0.034401  0.161695
 0.161695 0.0198178
-0.0230829   0.161195
  0.161195 -0.0186781
0.0856337  0.205157
 0.205157 0.0818823
0.0511677  0.185456
 0.185456 0.0616433
 -0.11076  0.188699
 0.188699 -0.176036
-0.0593839   0.316719
  0.316719 -0.0463605
-0.0117204   0.134773
  0.134773 -0.0119841
-0.00045132    0.314487
   0.314487  -0.0123981
 0.184903  0.319202
 0.319202 0.0905107
0.0337682  0.316138
 0.316138 0.0411666
-0.0894429   0.314751
  0.314751  -0.177572
-0.0196757   0.316478
  0.316478 -0.0258046
-0.0596382   0.183423
  0.183423   -0.09064
 -0.038665   0.310244
  0.310244 -0.0804004
 0.0346074   0.307111
  0.307111 0.00801131
 0.0255891   0.303991
  0.303991 0.00848043
0.0810838  0.323057
 0.323057  0.171411
-0.102619  0.314642
 0.314642 -0.189184
0.00492251   0.185153
  0.185153 0.00592907
0.0496741  0.320393
 0.320393 0.0992485
0.0926187  0.317369
 0.317369   0.17951
 -0.182514   0.321626
  0.321626 -0.0957525
0.0237097  0.185963
 0.185963 0.0433838
 -0.180895   0.312098
  0.312098 -0.0938892
0.194282 0.308925
0.308925 0.113672
-0.00578111    0.304937
   0.304937   0.0217457
0.0137509  0.310406
 0.310406 -0.013725
0.0518111  0.313222
 0.313222 0.0978166
-0.0790452   0.317445
  0.317445 -0.0388679
0.511914 0.346306
0.346306 0.335611
-0.530006  0.353829
 0.353829 -0.351927
-0.345196  0.353056
 0.353056 -0.521277
0.371207 0.355892
0.355892 0.541836
 0.51049 0.352424
0.352424   0.3332
0.405641 0.353051
0.353051 0.576777
-0.555228  0.356774
 0.356774 -0.377881
-0.341675   0.35329
  0.35329 -0.521746
0.0297529  0.124509
 0.124509 0.0463944
 0.152316  0.181092
 0.181092 0.0906713
-0.0828863   0.184468
  0.184468 -0.0487131
0.187785 0.182564
0.182564  0.11602
0.0828509  0.148146
 0.148146  0.076742
-0.105016  0.144933
 0.144933 -0.108849
 0.0361894   0.164308
  0.164308 -0.0107392
 -0.161981   0.183495
  0.183495 -0.0984873
-0.0147275   0.130868
  0.130868  -0.021664
0.0583603  0.118173
 0.118173 0.0531168
0.176392 0.330326
0.330326 0.238582
0.303151 0.319437
0.319437 0.215355
-0.281903  0.325891
 0.325891 -0.203038
-0.269253  0.333791
 0.333791 -0.192484
-0.206162  0.326228
 0.326228 -0.292753
-0.213577  0.328685
 0.328685 -0.302588
  0.2694 0.330604
0.330604 0.180556
0.159398 0.335553
0.335553 0.222293
0.0292715   0.19562
  0.19562 0.0588343
-0.177255  0.197824
 0.197824 -0.139502
 -0.12027  0.195484
 0.195484 -0.153793
0.171783 0.201855
0.201855 0.226563
0.154153 0.200388
0.200388 0.182945
-0.0963271   0.138463
  0.138463 -0.0973573
-0.0103698   0.177407
  0.177407 -0.0305023
-0.0324135   0.172302
  0.172302  -0.014092
0.0787874  0.189126
 0.189126  0.061496
-0.0910958    1.87606
   1.87606  0.0335512
 0.0883278    1.89085
   1.89085 -0.0545728
   0.069967     1.84613
    1.84613 -0.00930361
 0.0984834    1.82447
   1.82447 -0.0493452
-0.0244065    1.90509
   1.90509   0.107004
 0.121705    1.9118
   1.9118 0.0728946
0.0528402   1.79768
  1.79768 -0.097225
0.357426  1.77222
 1.77222 0.289251
  -1.0577   1.77169
  1.77169 -0.624089
-0.123162   1.04116
  1.04116 -0.299335
  -0.066954     1.05974
    1.05974 -0.00748584
-0.0647172    1.99582
   1.99582 -0.0813474
-0.0202984   0.980041
  0.980041 -0.0258648
 -1.58916   1.09515
  1.09515 -0.669098
-0.763893   1.84479
  1.84479 -0.500994
0.59346 1.05681
1.05681 1.52105
 0.179027   1.01201
  1.01201 0.0376327
-0.244114   1.10703
  1.10703  0.183546
  -0.35405    1.14195
   1.14195 -0.0441631
0.197871  1.17413
 1.17413 0.452906
-1.54768  1.05033
 1.05033  -0.6249
 1.70992  1.10636
 1.10636 0.706958
 0.455385    1.0968
   1.0968 -0.056996
0.0664515   1.82789
  1.82789 0.0614862
-0.630166   1.05212
  1.05212  -1.54461
0.515001  1.04313
 1.04313  1.40836
 1.68855  1.10077
 1.10077 0.708964
-0.718226   1.09486
  1.09486  -1.60778
0.591976  1.83153
 1.83153 0.382712
   0.3675   1.15794
  1.15794 0.0816313
  0.31222   1.10433
  1.10433 -0.180149
  0.19628   1.09034
  1.09034 -0.255288
-0.203679   1.12328
  1.12328 0.0434075
4.55512 1.71895
1.71895 2.66005
2.66654 1.71797
1.71797  4.5682
-2.62731  1.71072
 1.71072  -4.5282
-4.60346  1.70448
 1.70448 -2.67691
-4.53255  1.71324
 1.71324 -2.53248
-2.63196  1.70656
 1.70656 -4.56673
 4.4663 1.75511
1.75511   2.663
2.52739 1.76188
1.76188 4.46637
0.288785  2.12407
 2.12407 0.150623
0.579028  1.80531
 1.80531 0.980901
 -0.52804   1.79083
  1.79083 -0.825698
0.693349  1.78971
 1.78971  1.12962
0.403402  1.94588
 1.94588 0.368531
-0.543375   1.97519
  1.97519  -0.46482
-0.137382   1.87279
  1.87279  0.105672
-0.541451   1.78372
  1.78372 -0.958382
0.0786443   2.05568
  2.05568  0.133709
 0.29663  2.16758
 2.16758 0.293928
-1.28702  1.43855
 1.43855 0.131509
-0.491862   1.39759
  1.39759  -1.69863
 1.60968  1.40275
 1.40275 0.386438
   1.35558    1.36736
   1.36736 -0.0374477
-0.0450223    1.36068
   1.36068     1.3399
0.229433  1.43241
 1.43241  1.54663
  -1.42856    1.37346
   1.37346 -0.0907238
-0.580833   1.39629
  1.39629   -1.7518
0.651662  1.76934
 1.76934 0.339729
 -2.5491  2.09588
 2.09588 -2.75403
-2.69839  2.14044
 2.14044 -2.54403
3.14058 2.08838
2.08838 2.83396
2.87481 2.11477
2.11477 2.68015
-0.540885   2.01354
  2.01354 -0.599401
 -0.153505    1.82531
   1.82531 0.00142405
-0.0754507    1.86224
   1.86224  -0.212436
0.193974  1.78626
 1.78626 0.358556
-0.0959012   0.194854
  0.194854   -0.10386
0.0935969  0.200606
 0.200606  0.101899
 0.0300457   0.169219
  0.169219 0.00178944
-0.0740016   0.196302
  0.196302 -0.0845067
 -0.013983   0.164835
  0.164835 -0.0200434
0.0286227  0.161569
 0.161569 0.0391099
0.0803163  0.204806
 0.204806   0.07964
0.0691691  0.186605
 0.186605 0.0570715
-0.183285  0.191337
 0.191337 -0.114033
0.0178138  0.319019
 0.319019  0.006892
-0.0491843   0.320017
  0.320017 -0.0608802
0.0399786  0.318168
 0.318168 0.0201419
-0.00642993    0.133454
   0.133454 -0.00828658
-0.00560692    0.316508
   0.316508  0.00557096
0.0805519  0.313421
 0.313421 0.0325572
0.0964415  0.319056
 0.319056 0.0355853
0.00733264   0.184002
  0.184002 0.00615413
 -0.179974   0.315596
  0.315596 -0.0932975
 0.191266  0.316829
 0.316829 0.0954759
   0.1683  0.318645
 0.318645 0.0788084
 -0.171814   0.304339
  0.304339 -0.0900594
0.0238586  0.302821
 0.302821 0.0533566
0.0829209  0.185207
 0.185207 0.0456889
-0.0826815   0.181822
  0.181822 -0.0552811
-0.0749125   0.311976
  0.311976 -0.0345943
0.0941204  0.314265
 0.314265  0.180934
-0.0749387    0.31833
   0.31833  -0.162092
-0.0842054   0.315599
  0.315599  -0.172204
0.115985 0.309939
0.309939 0.196396
-0.00677217    0.306275
   0.306275   0.0194762
-0.0164293   0.311586
  0.311586 0.00917773
0.0195867  0.307593
 0.307593 -0.010935
-0.0203741   0.316842
  0.316842 -0.0735919
 -0.53351  0.360875
 0.360875 -0.357114
-0.343622  0.359601
 0.359601 -0.521527
0.334599 0.347732
0.347732 0.511069
0.573244 0.354428
0.354428 0.406351
0.505417 0.352663
0.352663  0.33815
 0.35648 0.355199
0.355199 0.537811
-0.525351  0.358495
 0.358495 -0.350161
-0.365511  0.359679
 0.359679  -0.53369
 0.048914  0.123333
 0.123333 0.0323544
0.118682 0.183311
0.183311 0.187797
-0.0619779   0.185467
  0.185467  -0.105593
0.0838457  0.149532
 0.149532 0.0953287
-0.108345  0.144373
 0.144373 -0.107025
-0.0105757   0.164466
  0.164466  0.0384292
0.090188 0.181859
0.181859 0.143926
-0.0980223   0.184276
  0.184276  -0.166047
-0.0226139   0.133386
  0.133386 -0.0144434
0.0571937   0.11768
  0.11768 0.0610424
-0.215599  0.331098
 0.331098 -0.299478
-0.220268  0.335705
 0.335705 -0.298043
0.221656 0.320411
0.320411 0.310945
0.187796 0.326828
0.326828 0.263106
0.286305 0.331348
0.331348 0.201638
0.232003 0.333805
0.333805 0.174957
-0.307046  0.331986
 0.331986 -0.226275
-0.302393  0.322601
 0.322601 -0.232487
0.0751738   0.19649
  0.19649  0.038096
0.219203 0.200809
0.200809  0.16644
-0.120934  0.195095
 0.195095 -0.166903
0.160039 0.198542
0.198542 0.137328
-0.141891  0.196659
 0.196659 -0.114403
-0.0964586   0.139897
  0.139897 -0.0969743
-0.00829793     0.17275
    0.17275  -0.0289799
-0.0164531   0.179575
  0.179575 0.00185679
0.0639628  0.190323
 0.190323 0.0818655
 0.101522  0.198705
 0.198705 0.0898665
-0.0933599   0.194469
  0.194469 -0.0826635
-0.00460944    0.167787
   0.167787   0.0222128
-0.0911573   0.196698
  0.196698 -0.0820455
-0.0256363   0.165821
  0.165821 -0.0213322
0.0395872  0.167527
 0.167527 0.0321979
0.0702279  0.201782
 0.201782 0.0656196
0.0514868  0.188139
 0.188139 0.0557786
-0.104266  0.188061
 0.188061  -0.17293
-0.0232796   0.317554
  0.317554 -0.0316754
-0.0474201   0.317094
  0.317094    -0.0242
-0.00388659    0.136937
   0.136937 4.75099e-05
-0.0666551   0.183613
  0.183613 -0.0927709
-0.012761  0.321649
 0.321649 -0.021717
0.0310493  0.323577
 0.323577  0.042963
 -0.021539   0.309324
  0.309324 -0.0647048
 0.0278437    0.30386
   0.30386 0.00848805
0.0449821  0.183319
 0.183319 0.0786105
-0.0978195   0.312792
  0.312792   -0.19569
0.0891665  0.316017
 0.316017   0.17547
0.0692333  0.321056
 0.321056  0.159758
-0.0905076   0.314353
  0.314353  -0.175597
-0.00771586    0.184892
   0.184892 -0.00123734
0.0368868  0.312508
 0.312508 0.0804252
0.0388905  0.319141
 0.319141 0.0944791
 -0.161609    0.30441
   0.30441 -0.0784895
0.176061 0.298499
0.298499 0.102849
 0.169549  0.316314
 0.316314 0.0811309
 -0.170568   0.314481
  0.314481 -0.0864808
0.00384035   0.306331
  0.306331  0.0476151
 -0.0643959    0.317739
   0.317739 -0.00638171
 0.0216001   0.310336
  0.310336 -0.0141321
-0.00269794    0.309278
   0.309278  -0.0482336
0.528958 0.360064
0.360064 0.351187
0.516366 0.348778
0.348778 0.340669
-0.508684  0.348727
 0.348727 -0.338819
-0.334881  0.348459
 0.348459 -0.507262
0.357952 0.360564
0.360564 0.532182
0.394221 0.353347
0.353347   0.5542
-0.555767  0.365228
 0.365228 -0.386275
-0.340464   0.36119
  0.36119 -0.520824
0.0324729  0.124644
 0.124644 0.0470471
 -0.110725   0.184477
  0.184477 -0.0655335
0.201502 0.186314
0.186314 0.121941
0.0924606   0.15131
  0.15131 0.0861092
-0.12148 0.149321
0.149321 -0.12368
 0.0404925   0.166598
  0.166598 -0.0122355
-0.179215   0.19158
  0.19158 -0.109481
 0.156695  0.184744
 0.184744 0.0953643
-0.0203605   0.131424
  0.131424 -0.0275502
0.0656606  0.119811
 0.119811 0.0603707
0.306424 0.314052
0.314052  0.23125
0.287648 0.331978
0.331978  0.20774
-0.274086  0.320148
 0.320148 -0.201265
-0.298159   0.33406
  0.33406 -0.234909
-0.201152  0.326405
 0.326405 -0.290334
-0.233871   0.32994
  0.32994 -0.321321
0.217806 0.332582
0.332582 0.295372
   0.176 0.336781
0.336781 0.237996
0.0412053  0.194813
 0.194813 0.0727161
-0.158334  0.194879
 0.194879 -0.124293
-0.115695  0.195767
 0.195767 -0.149175
0.133269 0.196942
0.196942  0.15113
0.158084 0.198815
0.198815 0.217288
-0.0934951   0.138694
  0.138694 -0.0964771
-0.00124661    0.178724
   0.178724  -0.0182759
-0.0402964   0.176209
  0.176209 -0.0237534
0.0758436  0.189542
 0.189542 0.0514752
 0.0148032     1.8579
    1.8579 -0.0368465
-0.0325232    1.87569
   1.87569  0.0911018
 0.0360459    1.88443
   1.88443 -0.0950672
 0.0529224    1.82568
   1.82568 -0.0775448
-0.0416151    1.89779
   1.89779 -0.0740623
-0.110639   1.90432
  1.90432 0.0206365
 0.124004   1.79845
  1.79845 -0.042332
-0.298892   1.76887
  1.76887 -0.374934
0.617961  1.76373
 1.76373  1.06596
0.0123187   0.98315
  0.98315  0.032342
 0.280363   1.03054
  1.03054 0.0948753
0.0550105   2.00313
  2.00313 0.0315662
0.0202046   1.05772
  1.05772 0.0748331
-0.0592731    1.02397
   1.02397  -0.188389
-0.192569    1.1024
   1.1024  0.241379
-0.469524   1.16645
  1.16645 -0.197902
-0.461561   1.84636
  1.84636 -0.723514
0.486561  1.84532
 1.84532 0.744697
0.669625  1.09074
 1.09074  1.59858
-0.643498   1.08346
  1.08346  -1.57873
-0.691466   1.11297
  1.11297  -1.68231
0.606513  1.05402
 1.05402  1.51745
-0.0107958    1.83469
   1.83469 -0.0287639
 0.167794   1.10386
  1.10386 -0.257147
0.0964225   1.09593
  1.09593 -0.436807
  -1.5732   1.05777
  1.05777 -0.654855
 1.65465  1.09384
 1.09384 0.745415
 1.55204  1.05681
 1.05681 0.635981
 -1.42265   1.04181
  1.04181 -0.518881
-0.0918005    1.15853
   1.15853  -0.383054
-0.0375128    1.12285
   1.12285   0.211206
 0.259497     1.098
    1.098 -0.170741
0.0559918   1.14486
  1.14486  0.349667
-4.45714  1.76688
 1.76688 -2.51765
4.56676 1.70361
1.70361 2.62843
2.51566 1.71223
1.71223 4.50715
-2.58212  1.71069
 1.71069 -4.53458
-4.56151  1.70675
 1.70675 -2.63399
-2.69023  1.75591
 1.75591 -4.50391
 4.5281 1.71174
1.71174 2.61545
2.66478  1.7074
 1.7074 4.56542
-0.170983   2.12323
  2.12323 -0.304326
0.826293  1.79677
 1.79677 0.535267
 -1.13695   1.78772
  1.78772 -0.703164
-0.415355   1.94231
  1.94231 -0.422921
0.485684  1.97751
 1.97751 0.559618
-0.0964241    1.87022
   1.87022   0.147154
0.969199  1.78144
 1.78144  0.55257
 -0.92528   1.80538
  1.80538 -0.558489
-0.0986263    2.04488
   2.04488 -0.0435861
 -0.29457   2.16813
  2.16813 -0.294883
0.0473448   1.37047
  1.37047   1.41034
-0.150283   1.43851
  1.43851   1.28278
-0.394236    1.4049
   1.4049  -1.62575
0.0301834   1.37084
  1.37084  -1.35511
 -1.33262   1.36092
  1.36092 0.0374797
 -1.55046   1.42714
  1.42714 -0.229641
 1.57593  1.41163
 1.41163 0.294664
 1.75295    1.402
   1.402 0.589695
-0.347645   1.76608
  1.76608 -0.672231
2.75976 2.09171
2.09171  2.5448
 2.5337 2.13861
2.13861 2.69016
-2.67899  2.13165
 2.13165 -2.75214
 -2.8381  2.09481
 2.09481 -3.13602
0.599466  2.00563
 2.00563 0.544191
  0.21576   1.85815
  1.85815 0.0782295
-0.0295219    1.82483
   1.82483   0.106761
-0.370494   1.78399
  1.78399 -0.199869
 -0.0295712     0.17374
    0.17374 -0.00439442
0.233841 0.211243
0.211243 0.190652
0.0892888  0.196516
 0.196516 0.0935242
 0.0372863   0.170225
  0.170225 0.00524069
-0.0911939   0.199292
  0.199292  -0.101975
0.110957 0.200593
0.200593 0.117703
-0.0948409   0.202237
  0.202237  -0.105547
-0.0109945   0.160699
  0.160699 -0.0191384
 0.011158  0.160959
 0.160959 0.0124491
-0.280887  0.207696
 0.207696  -0.23038
-0.0492959   0.321841
  0.321841 -0.0356036
-0.00583222    0.320908
   0.320908 -0.00424745
0.0483974  0.314989
 0.314989 0.0279788
0.00763637   0.136139
  0.136139 0.00644676
0.0182863   0.31844
  0.31844 0.0107554
 0.174664  0.316819
 0.316819 0.0857842
0.0832467  0.184076
 0.184076 0.0515247
0.0741387   0.31264
  0.31264 0.0318184
0.00466026   0.308399
  0.308399 -0.0308089
-0.0858623   0.314193
  0.314193  -0.173152
0.115445  0.31166
 0.31166 0.193155
0.0102129   0.31846
  0.31846 0.0641361
-0.203247  0.309797
 0.309797 -0.120926
0.107448 0.309239
0.309239 0.107166
-0.0105422   0.185605
  0.185605 -0.0106299
 0.176482  0.316812
 0.316812 0.0908057
0.094554 0.311238
0.311238  0.18087
-0.0947354   0.317829
  0.317829   -0.18097
 -0.174542   0.320211
  0.320211 -0.0865352
-0.0559301    0.18523
   0.18523 -0.0386087
-0.0147818   0.301733
  0.301733 0.00813108
 -0.102897   0.314492
  0.314492 -0.0570528
-0.0589145   0.313215
  0.313215 -0.0716951
-0.0371728   0.316894
  0.316894 -0.0899472
0.0566438  0.179474
 0.179474   0.11481
-0.544731  0.359787
 0.359787 -0.371663
   -0.351  0.357943
 0.357943 -0.528512
0.392098 0.359737
0.359737 0.560657
0.529719 0.356264
0.356264 0.353575
0.525667 0.354005
0.354005 0.350592
0.346476 0.353739
0.353739 0.524474
-0.528383  0.347291
 0.347291 -0.349085
-0.384542  0.350247
 0.350247 -0.552058
0.0765614  0.133704
 0.133704 0.0585373
-0.0883549   0.180159
  0.180159  -0.155436
-0.048687  0.186096
 0.186096  -0.09647
0.0779506  0.147306
 0.147306 0.0841142
-0.0891714   0.148921
  0.148921 -0.0924331
0.0921853  0.179913
 0.179913  0.153735
 -0.0182878    0.129009
   0.129009 -0.00900291
0.0335069    0.1259
   0.1259 0.0267982
0.301224 0.330571
0.330571 0.216396
-0.191816  0.330815
 0.330815 -0.263453
-0.263218  0.334561
 0.334561 -0.193045
0.205449 0.324964
0.324964 0.284972
-0.20292 0.329526
0.329526 -0.28053
0.294811  0.33102
 0.33102 0.207552
0.224496 0.328538
0.328538 0.281858
-0.294228   0.31959
  0.31959 -0.210559
-0.188701    0.1976
   0.1976 -0.150274
0.150422 0.196512
0.196512 0.120564
 -0.16549  0.196479
 0.196479 -0.194987
0.178968 0.193298
0.193298 0.169981
-0.0870232   0.137922
  0.137922 -0.0764103
0.000146045    0.170536
   0.170536  -0.0229705
 -0.0251107    0.176831
   0.176831 -0.00356874
  0.125853     1.8635
    1.8635 -0.0431864
 -1.17665   1.67169
  1.67169 -0.961003
-0.00319904     1.86222
    1.86222    0.067036
-0.00727832     1.87359
    1.87359  -0.0866005
-0.165342   1.87364
  1.87364 0.0363269
-0.0435704    1.78869
   1.78869  -0.201884
-0.0347115    1.79454
   1.79454   0.149874
 0.128877   1.90455
  1.90455 0.0887382
 -0.114261    1.88971
   1.88971 -0.0763988
1.48251 1.67678
1.67678 1.21007
 -0.0283509    0.972066
   0.972066 -0.00584292
 0.232069   1.02689
  1.02689 0.0641958
0.0821471   1.11244
  1.11244 0.0391997
 -0.216866    1.00928
   1.00928 -0.0399325
0.00563722    1.98401
   1.98401 0.00976842
-0.224199   1.10148
  1.10148  0.237184
-0.00823501     1.82527
    1.82527 0.000327541
 1.54408  1.09745
 1.09745 0.638261
 0.201114    1.1033
   1.1033 -0.231719
 -1.54942   1.09534
  1.09534 -0.618869
-0.663155   1.08199
  1.08199  -1.55036
 0.128219   1.08846
  1.08846 -0.317233
 1.45085  1.05646
 1.05646 0.649895
-0.515833   1.17748
  1.17748 -0.563015
-0.784716   1.83919
  1.83919 -0.506875
0.757861   1.8409
  1.8409 0.512267
0.639419  1.05789
 1.05789  1.56243
 -1.54751   1.05945
  1.05945 -0.701071
-0.642454   1.06485
  1.06485  -1.57751
0.734668  1.09458
 1.09458  1.63331
  0.38043   1.14717
  1.14717 0.0631726
-0.410437   1.16126
  1.16126 -0.124377
0.379652  1.16353
 1.16353 0.467787
-0.166396   1.08287
  1.08287  0.325217
 -0.49944    1.8046
   1.8046 -0.909028
 4.4789 1.71156
1.71156 2.53561
2.61593  1.7014
 1.7014 4.60176
-2.63141  1.73774
 1.73774 -4.49933
-4.53297  1.73207
 1.73207 -2.71123
-4.54897  1.71476
 1.71476 -2.59268
-2.64564  1.71053
 1.71053 -4.58074
4.54974 1.73854
1.73854 2.65634
2.68181 1.73845
1.73845 4.52604
-0.315526   2.06949
  2.06949 -0.233488
0.44844 1.78689
1.78689 0.81266
-0.388991   1.93181
  1.93181 -0.397106
0.40962 1.94219
1.94219 0.39735
0.470807  1.81171
 1.81171 0.893605
-0.512874   1.80268
  1.80268 -0.904164
 0.0254329     2.0596
    2.0596 -0.0770868
 -0.0950298     2.09244
    2.09244 -0.00144361
 -1.35601   1.37722
  1.37722 0.0635776
0.209903  1.36344
 1.36344  1.48442
 -1.65102   1.40288
  1.40288 -0.459654
  1.40654   1.37377
  1.37377 0.0374187
0.280511  1.41948
 1.41948   1.5599
-0.238305   1.42341
  1.42341  -1.52002
 1.60034  1.41365
 1.41365 0.377145
0.0178009   1.39187
  1.39187   -1.3444
2.66118 2.14303
2.14303 2.54461
2.71941 2.08303
2.08303 2.86488
 -2.7528  2.14241
 2.14241 -2.68038
 -2.8873  2.08055
 2.08055 -2.89161
0.393749  2.03493
 2.03493 0.360287
0.0186465    1.8639
   1.8639  0.205871
 0.0677704    1.83507
   1.83507 -0.0941837
