-5.76093e-05  0.000613377
 0.000613377   0.00011105
-2.03028e-05  0.000612916
 0.000612916   3.1326e-05
 2.48056e-05  0.000733678
 0.000733678 -5.29643e-05
 8.93182e-05  0.000507514
 0.000507514 -9.97875e-05
4.45923e-06 0.000695146
0.000695146 1.01789e-05
-9.16556e-05  0.000467989
 0.000467989   8.9545e-05
8.71185e-07 0.000738703
0.000738703 8.15546e-06
3.47561e-05 0.000647621
0.000647621  6.2855e-05
 0.000101499  0.000604384
 0.000604384 -5.84189e-05
-1.29408e-05  0.000692196
 0.000692196  4.44981e-05
 0.000115439  0.000596115
 0.000596115 -0.000148864
-1.51639e-05  0.000678579
 0.000678579 -2.03699e-05
3.90999e-05 0.000634886
0.000634886 6.04781e-07
  0.00022915  0.000534612
 0.000534612 -0.000117293
2.37968e-05 0.000632066
0.000632066 2.52185e-05
 0.000180211  0.000297009
 0.000297009 -0.000126799
 0.000332725  0.000356096
 0.000356096 -0.000226711
 0.000497494  0.000498092
 0.000498092 -0.000298426
 0.000329084  0.000434088
 0.000434088 -0.000315555
-3.02045e-06  0.000726221
 0.000726221  2.01043e-05
-0.000132459  0.000299427
 0.000299427  0.000183782
-0.000206603  0.000367023
 0.000367023  0.000323444
-0.000195551  0.000345875
 0.000345875  0.000207678
 0.000221936  0.000347277
 0.000347277 -0.000199964
 0.000319763  0.000691873
 0.000691873 -0.000112211
0.000114532 0.000638593
0.000638593 -3.7892e-05
-1.29645e-05  0.000501653
 0.000501653  6.23219e-05
 3.45644e-05  0.000713008
 0.000713008 -1.34656e-05
3.62791e-05 0.000513977
0.000513977 1.01623e-05
-0.00031599 0.000491795
0.000491795 0.000504177
-3.82768e-07   0.00067859
  0.00067859  -2.8713e-05
-2.31248e-05  0.000585112
 0.000585112 -1.00821e-05
-0.000317249  0.000448145
 0.000448145  0.000324105
-7.72731e-06  0.000589292
 0.000589292 -2.33692e-05
-0.000114681  0.000475063
 0.000475063  0.000199828
-3.97229e-06  0.000745947
 0.000745947  4.61941e-07
-1.05587e-06  0.000742715
 0.000742715  4.00927e-06
-2.71314e-07  0.000327426
 0.000327426  6.31613e-05
-6.38448e-05  0.000297848
 0.000297848    6.758e-05
 0.000814027  0.000999243
 0.000999243 -0.000338762
-0.000334255  0.000994665
 0.000994665  0.000818676
 7.38815e-05  0.000321762
 0.000321762 -8.60758e-06
 7.59789e-05  0.000292041
 0.000292041 -7.01462e-05
-6.57776e-05  0.000631482
 0.000631482  7.40298e-05
5.99283e-05 0.000692188
0.000692188 -2.8881e-05
 6.29515e-05  0.000612094
 0.000612094 -5.14574e-05
1.54223e-05 0.000609861
0.000609861 2.13715e-05
-0.000191201  0.000587078
 0.000587078  0.000349254
 5.26167e-05  0.000607315
 0.000607315 -1.71967e-05
7.61918e-05 0.000636858
0.000636858 -2.4694e-05
-4.02007e-05  0.000675177
 0.000675177  0.000148572
-0.000508911  0.000679036
 0.000679036   0.00039769
-4.11866e-05  0.000436771
 0.000436771 -1.14031e-05
-3.32647e-06  0.000738403
 0.000738403 -2.60116e-06
-1.99562e-05  0.000454672
 0.000454672 -3.44286e-05
1.72719e-06 0.000743113
0.000743113  -2.376e-06
 8.37563e-05   0.00030625
  0.00030625 -8.15899e-05
0.000341626 0.000706055
0.000706055  -0.0004901
-7.84734e-05  0.000315125
 0.000315125  8.23679e-05
0.000238663 0.000993568
0.000993568 0.000228855
-4.67979e-05  0.000430431
 0.000430431  0.000116127
 0.000127334  0.000455795
 0.000455795 -4.27635e-05
  4.6827e-06  0.000737134
 0.000737134 -2.43185e-06
-4.06446e-06  0.000695777
 0.000695777  5.42487e-05
-0.000198566  0.000547397
 0.000547397  0.000186346
 1.59503e-05  0.000660521
 0.000660521 -2.14682e-05
-0.000232738   0.00129239
  0.00129239  9.78458e-05
-0.000187939   0.00114884
  0.00114884  0.000198227
 0.000202401   0.00110559
  0.00110559 -0.000136844
 0.000211029   0.00133456
  0.00133456 -0.000131399
-0.00020874 0.000983516
0.000983516 0.000130629
-0.000219806   0.00118436
  0.00118436  0.000164476
 0.000248833   0.00120263
  0.00120263 -0.000224817
 0.000213625   0.00103815
  0.00103815 -0.000257556
 0.000612305   0.00121134
  0.00121134 -0.000414425
-0.000484336   0.00176098
  0.00176098  0.000351918
 1.3919e-05  0.00108889
 0.00108889 4.50655e-06
-0.000375093   0.00116762
  0.00116762  0.000287412
 0.000180211   0.00151751
  0.00151751 -0.000181062
 0.000332725   0.00162591
  0.00162591 -0.000294891
 0.000361159   0.00155015
  0.00155015 -0.000219249
 0.000497494   0.00175048
  0.00175048 -0.000385018
-0.000182454   0.00150014
  0.00150014  0.000190356
-0.000332185   0.00160917
  0.00160917  0.000323718
-0.000277972   0.00116813
  0.00116813  0.000244046
-3.12982e-05   0.00210362
  0.00210362  8.02308e-06
 0.000452623   0.00166319
  0.00166319 -0.000302172
-0.000361479   0.00151912
  0.00151912  0.000229496
-0.000505347   0.00117047
  0.00117047  0.000349063
-0.000524171   0.00169517
  0.00169517   0.00028841
-0.000274227  0.000991595
 0.000991595  0.000215545
4.02755e-05   0.0011754
  0.0011754 2.08896e-06
-6.14276e-05   0.00115975
  0.00115975 -6.37168e-06
-0.000114574   0.00200784
  0.00200784  0.000344077
 0.000111875   0.00202549
  0.00202549 -0.000357194
-0.000112895   0.00206613
  0.00206613  0.000137813
-1.48838e-05    0.0011205
   0.0011205 -1.59072e-05
 7.44058e-05    0.0020526
   0.0020526 -7.33489e-05
2.40156e-06  0.00108359
 0.00108359 1.41443e-05
-0.000830355   0.00212133
  0.00212133  0.000319203
 0.000144724   0.00221395
  0.00221395 -0.000841107
 7.59789e-05   0.00150723
  0.00150723 -0.000133409
  0.00011181   0.00142501
  0.00142501 -4.79146e-06
-0.000115261    0.0014351
   0.0014351 -3.44122e-06
-6.67958e-05   0.00151064
  0.00151064  9.91636e-05
 0.000814027     0.002117
    0.002117 -0.000317755
-0.000102726   0.00223339
  0.00223339  0.000831782
 0.000192061  0.000860279
 0.000860279 -0.000193839
 7.91733e-05    0.0010493
   0.0010493 -3.86071e-05
4.00846e-05  0.00124098
 0.00124098 0.000130769
-9.59175e-05   0.00112071
  0.00112071  2.59297e-05
-7.07195e-05  0.000951526
 0.000951526  0.000111577
 0.000364306   0.00107676
  0.00107676 -0.000252235
-2.32759e-05   0.00100744
  0.00100744  3.45304e-05
 8.33446e-05   0.00127098
  0.00127098 -0.000229167
2.93721e-05 0.000934848
0.000934848 -2.0008e-05
-1.27325e-05   0.00102316
  0.00102316  1.53904e-06
8.36855e-06  0.00124797
 0.00124797 9.62981e-05
-6.32266e-06   0.00124689
  0.00124689 -9.62769e-05
7.24815e-05  0.00210738
 0.00210738 0.000212536
 -1.6498e-05   0.00209913
  0.00209913 -0.000265103
-0.000594463   0.00195233
  0.00195233  0.000163877
 0.000610489   0.00195701
  0.00195701 -0.000173371
  0.00020596   0.00149374
  0.00149374 -0.000160702
-0.000154544   0.00146797
  0.00146797  0.000142152
 0.000397296   0.00120639
  0.00120639 -0.000309089
-0.00022521  0.00122702
 0.00122702 0.000100102
0.000227472  0.00125836
 0.00125836  4.5712e-05
 0.000211655   0.00125735
  0.00125735 -0.000122655
-0.000379891   0.00124381
  0.00124381  0.000116853
 0.000208661   0.00109103
  0.00109103 -0.000102989
 1.36679e-06  0.000980709
 0.000980709 -1.42582e-05
7.01257e-05  0.00128051
 0.00128051 -6.6403e-05
  0.00032807   0.00114508
  0.00114508 -0.000363309
-9.10318e-05  0.000505648
 0.000505648  0.000101528
-2.97827e-05   0.00073775
  0.00073775   6.1805e-05
  1.2571e-05  0.000688182
 0.000688182 -2.13373e-05
 5.70874e-06  0.000726732
 0.000726732 -2.04194e-05
-0.000102954  0.000604593
 0.000604593  6.13318e-05
-3.96287e-05  0.000656365
 0.000656365 -6.84747e-05
 8.00127e-05  0.000505933
 0.000505933 -5.55687e-05
 8.46388e-05  0.000522223
 0.000522223 -0.000149645
 1.44555e-05  0.000680505
 0.000680505 -4.09053e-05
-0.000182454  0.000296072
 0.000296072  0.000130436
 2.37968e-05  0.000641991
 0.000641991 -6.77108e-05
-3.34453e-05   0.00062627
  0.00062627  -5.0479e-06
-0.000332185  0.000361531
 0.000361531  0.000223868
-0.000484336  0.000498396
 0.000498396  0.000285671
-0.000309444   0.00068957
  0.00068957  0.000104002
-0.000115252  0.000593827
 0.000593827  0.000145601
 0.000218868  0.000375232
 0.000375232 -0.000336155
-0.000319381  0.000434539
 0.000434539  0.000303901
1.02972e-05 0.000688558
0.000688558 4.95258e-06
-0.000234025  0.000534636
 0.000534636  0.000119578
-0.000227315  0.000347018
 0.000347018   0.00020567
-3.02045e-06  0.000718063
 0.000718063 -1.78425e-05
-1.29645e-05  0.000505899
 0.000505899 -4.48346e-05
 -0.0001161 0.000634423
0.000634423 3.96183e-05
3.15766e-05 0.000565458
0.000565458 1.52135e-05
-4.56862e-05  0.000515134
 0.000515134  4.77022e-07
-2.07317e-05  0.000707513
 0.000707513  -6.6762e-06
 0.000309483  0.000484732
 0.000484732 -0.000494862
 0.000136242  0.000300212
 0.000300212 -0.000187054
1.23051e-05 0.000672885
0.000672885 1.44119e-05
 0.000304959   0.00044833
  0.00044833 -0.000308802
1.37887e-05  0.00058282
 0.00058282 1.98876e-05
 0.000208935  0.000354432
 0.000354432 -0.000228956
-6.67958e-05  0.000289071
 0.000289071  6.40307e-05
-7.02333e-05  0.000322504
 0.000322504  6.01368e-07
 5.64681e-05  0.000291931
 0.000291931 -6.74967e-05
-5.16898e-07  0.000744864
 0.000744864   3.0324e-06
-3.97229e-06  0.000742959
 0.000742959  2.67638e-06
-0.000830355  0.000998248
 0.000998248  0.000354525
 0.000338457  0.000994274
 0.000994274 -0.000822235
-2.71314e-07  0.000315883
 0.000315883 -5.86622e-05
 4.07439e-05  0.000647267
 0.000647267 -6.05934e-05
-4.09705e-05  0.000691555
 0.000691555  1.45722e-05
 0.000127571   0.00050536
  0.00050536 -0.000183333
-2.34656e-05  0.000610336
 0.000610336 -1.40749e-05
-6.57294e-05  0.000609645
 0.000609645  5.17094e-05
 1.88743e-05  0.000619715
 0.000619715 -5.35284e-05
-6.23901e-05  0.000606761
 0.000606761  2.54137e-05
 0.000193806  0.000595766
 0.000595766 -0.000345513
-8.80798e-05    0.0006474
   0.0006474  3.15181e-05
 3.39915e-05  0.000676561
 0.000676561 -0.000152476
 8.32944e-05  0.000326795
 0.000326795 -7.72272e-05
 0.000516328  0.000676814
 0.000676814 -0.000415249
1.90995e-05 0.000451484
0.000451484 3.85717e-05
 9.2042e-06  0.00073228
 0.00073228 -7.6657e-07
2.06709e-06 0.000738355
0.000738355 5.23711e-06
-8.58792e-05  0.000309032
 0.000309032     8.12e-05
-0.000348822  0.000715925
 0.000715925  0.000496687
5.42349e-05 0.000434532
0.000434532 2.08928e-05
 3.24152e-05  0.000560697
 0.000560697 -0.000110097
-3.76519e-06  0.000726352
 0.000726352 -1.79825e-06
-0.000249009    0.0009993
   0.0009993 -0.000210651
 5.41697e-05  0.000438219
 0.000438219 -0.000142112
-0.000128984  0.000454889
 0.000454889  4.38732e-05
 -5.7788e-06  0.000712428
 0.000712428 -3.29256e-05
-1.86931e-05   0.00066977
  0.00066977  2.82173e-05
 0.000195615  0.000567268
 0.000567268 -0.000197232
 1.63309e-05  0.000614145
 0.000614145 -7.73671e-06
 0.000202902   0.00115789
  0.00115789 -0.000184596
 0.000115709    0.0012855
   0.0012855 -0.000245082
-0.000128318   0.00111488
  0.00111488  0.000197985
-0.000122424   0.00136275
  0.00136275  0.000211301
 0.000134056  0.000981398
 0.000981398 -0.000205873
 0.000174124   0.00116492
  0.00116492 -0.000229947
-0.000210557   0.00119713
  0.00119713  0.000245446
-0.000253017   0.00104065
  0.00104065  0.000212084
-0.000398745   0.00121576
  0.00121576    0.0005935
 0.000197935   0.00149566
  0.00149566 -0.000179858
-3.37884e-05   0.00108731
  0.00108731  3.50804e-05
 4.26373e-05   0.00208312
  0.00208312 -5.00122e-05
-0.000172152   0.00151068
  0.00151068  0.000183782
-0.000282296   0.00161621
  0.00161621  0.000323444
  -0.000368   0.0017265
  0.0017265 0.000504177
-0.000291528   0.00165084
  0.00165084   0.00043977
 0.000329678   0.00160517
  0.00160517 -0.000333863
 0.000363429   0.00175534
  0.00175534 -0.000489452
 0.000353907   0.00116442
  0.00116442 -0.000507456
 0.000249569    0.0011627
   0.0011627 -0.000275239
-0.000205909   0.00154091
  0.00154091  0.000347816
 0.000298174   0.00168841
  0.00168841 -0.000527699
0.000287148  0.00116827
 0.00116827 -0.00037574
 0.000236846    0.0015163
   0.0015163 -0.000363225
 0.000220743  0.000985475
 0.000985475 -0.000278991
2.02122e-05  0.00115756
 0.00115756 3.14472e-05
  8.2436e-06   0.00117553
  0.00117553 -6.67769e-05
 0.000390356   0.00204287
  0.00204287 -0.000142014
-0.000356589   0.00202103
  0.00202103  0.000106682
-3.84476e-05    0.0020331
   0.0020331  5.42103e-05
 0.000135416   0.00207231
  0.00207231 -9.05893e-05
 1.0183e-05  0.00108766
 0.00108766 1.55946e-05
-2.03444e-05   0.00111653
  0.00111653 -1.50356e-06
 4.53977e-06   0.00143235
  0.00143235 -0.000121499
 0.000103113   0.00150566
  0.00150566 -7.34672e-05
-0.000305308   0.00208243
  0.00208243  0.000818676
 0.000790987   0.00216869
  0.00216869 -0.000105112
 7.5612e-06  0.00142672
 0.00142672 9.96842e-05
-0.000124979   0.00150904
  0.00150904    6.758e-05
-0.000837537   0.00222106
  0.00222106  0.000151949
 0.000315486   0.00212992
  0.00212992 -0.000818787
-0.000188404  0.000865476
 0.000865476  0.000185852
-4.04306e-05   0.00105332
  0.00105332   7.8837e-05
0.000128553  0.00126839
 0.00126839 4.26282e-05
 3.38256e-05   0.00110628
  0.00110628 -9.22402e-05
 0.000123386  0.000947894
 0.000947894 -8.02903e-05
-0.000243433   0.00108333
  0.00108333  0.000358654
-0.000240197   0.00126557
  0.00126557  9.58518e-05
 2.71675e-05   0.00100416
  0.00100416 -1.94414e-05
 7.85162e-06   0.00102642
  0.00102642 -1.72613e-05
-2.43865e-05  0.000929402
 0.000929402  2.85126e-05
-8.24502e-05   0.00124002
  0.00124002 -2.49284e-05
-0.000279782   0.00209557
  0.00209557 -1.46442e-05
0.000252836  0.00211237
 0.00211237  8.2163e-06
0.000108143  0.00125544
 0.00125544  -5.867e-06
-0.00015369  0.00149317
 0.00149317 0.000195148
 0.000149098    0.0014593
   0.0014593 -0.000163421
-0.000148235   0.00191774
  0.00191774  0.000546164
 0.000161784   0.00195907
  0.00195907 -0.000605059
-0.000297446   0.00120668
  0.00120668  0.000382963
9.12358e-05  0.00129196
 0.00129196 0.000200103
 0.000156489   0.00125427
  0.00125427 -0.000395523
-0.000108652   0.00124898
  0.00124898   0.00020103
 0.000109192   0.00123391
  0.00123391 -0.000230436
-9.96478e-05   0.00109192
  0.00109192  0.000212234
-7.3223e-05  0.00129249
 0.00129249 9.42736e-05
-7.80778e-06  0.000984504
 0.000984504 -1.43153e-06
-0.00034901   0.0011506
  0.0011506 0.000322403
-3.86632e-05   0.00120827
  0.00120827  3.07916e-05
4.29638e-05  0.00122362
 0.00122362 -3.8321e-05
 2.79682e-05    0.0011888
   0.0011888 -1.89304e-05
  3.7123e-05     0.001178
    0.001178 -3.94845e-05
-3.55479e-05   0.00123331
  0.00123331  4.29273e-05
 2.14701e-05   0.00123903
  0.00123903 -9.32331e-06
  4.6561e-05   0.00116004
  0.00116004 -4.61166e-05
 4.35263e-05   0.00114844
  0.00114844 -1.17395e-06
-0.000194687   0.00114624
  0.00114624  8.66006e-05
 1.06858e-06   0.00129437
  0.00129437 -9.32386e-06
 0.000390356  0.000719805
 0.000719805 -0.000237278
 4.26373e-05  0.000676547
 0.000676547 -6.86609e-05
 0.000174625  0.000712238
 0.000712238 -0.000149491
-0.000356589  0.000684792
 0.000684792  0.000220225
-0.000359601  0.000706264
 0.000706264  0.000216483
6.29129e-06 0.000643297
0.000643297 -7.1362e-06
-0.000118432   0.00119256
  0.00119256  4.04318e-05
-1.62619e-05  0.000691084
 0.000691084  8.02308e-06
 4.76276e-05   0.00066673
  0.00066673 -3.19426e-05
-0.000226203  0.000683512
 0.000683512  0.000362312
-6.15748e-05  0.000760157
 0.000760157   0.00010185
-0.000132672  0.000718535
 0.000718535  0.000124101
-0.000103564  0.000743307
 0.000743307  8.31274e-05
6.34357e-06   0.0011818
  0.0011818 1.54908e-06
 0.000382715  0.000716077
 0.000716077 -0.000229755
 0.000207795  0.000706495
 0.000706495 -0.000359293
 9.62532e-05   0.00118406
  0.00118406 -3.56898e-05
-0.000220156  0.000677347
 0.000677347  0.000344077
 0.000218908  0.000686664
 0.000686664 -0.000357194
 0.000104733  0.000752163
 0.000752163 -7.71737e-05
-7.82912e-05  0.000729905
 0.000729905  6.94953e-05
 0.000159951  0.000717992
 0.000717992 -0.000148766
 0.000129841   0.00071009
  0.00071009 -0.000138063
 0.000790987   0.00111276
  0.00111276 -0.000338966
-0.000390212   0.00111799
  0.00111799  0.000831782
 0.000383173   0.00107977
  0.00107977 -0.000841107
-0.000844944   0.00108652
  0.00108652  0.000400508
-0.000837537   0.00108056
  0.00108056   0.00037646
 0.000368926   0.00108496
  0.00108496 -0.000821208
 0.000821297   0.00108738
  0.00108738 -0.000364025
-0.00037021  0.00108771
 0.00108771  0.00082682
 5.55692e-05   0.00137298
  0.00137298 -2.68931e-05
-7.82353e-05   0.00117193
  0.00117193  0.000176205
-7.94609e-05   0.00116027
  0.00116027  0.000194702
 4.70719e-05   0.00116358
  0.00116358 -0.000130153
3.35196e-05  0.00126171
 0.00126171 1.56574e-05
-5.76197e-05   0.00127919
  0.00127919 -8.42241e-06
-7.98536e-05   0.00121396
  0.00121396  7.80927e-05
8.48101e-05  0.00115443
 0.00115443 -0.00018195
-1.29069e-05    0.0013318
   0.0013318  2.51899e-05
1.79175e-05  0.00140031
 0.00140031 1.98021e-05
 0.000308011  0.000895844
 0.000895844 -0.000435468
 0.000470677  0.000878696
 0.000878696 -0.000395573
-0.000477999  0.000921547
 0.000921547  0.000413652
 0.000440879  0.000895662
 0.000895662 -0.000323914
-0.000394789  0.000874212
 0.000874212  0.000468204
 0.000292798    0.0008961
   0.0008961 -0.000430829
-0.000361359  0.000912782
 0.000912782  0.000462902
-0.000463762  0.000877703
 0.000877703  0.000377621
   0.0001293   0.00114419
  0.00114419 -6.69302e-05
0.000282032  0.00133939
 0.00133939 9.04335e-05
-0.000213269   0.00136936
  0.00136936 -0.000113637
-0.000100119   0.00134183
  0.00134183 -0.000231307
0.000232314  0.00135366
 0.00135366 0.000114035
-2.21399e-05   0.00130331
  0.00130331  -5.1467e-05
 3.34255e-05   0.00120511
  0.00120511 -5.12224e-05
-5.45269e-05   0.00118448
  0.00118448  4.54598e-05
-3.42249e-05   0.00115627
  0.00115627  7.14763e-05
-0.000157927   0.00133234
  0.00133234  0.000272169
 8.77637e-05  0.000979726
 0.000979726 -0.000176641
 0.000137301   0.00134533
  0.00134533 -0.000256064
 0.000193183   0.00115161
  0.00115161 -0.000172271
-0.000188353   0.00109101
  0.00109101  0.000256599
 0.000171653   0.00107759
  0.00107759 -0.000238685
-0.000132387     0.001119
    0.001119  0.000103247
-0.000138696   0.00109411
  0.00109411  0.000182193
 3.90818e-05   0.00101717
  0.00101717 -3.16411e-05
-3.37884e-05   0.00108529
  0.00108529   4.1356e-05
 2.52196e-05  0.000963644
 0.000963644 -2.48624e-05
6.29129e-06  0.00207481
 0.00207481 9.49575e-06
 0.000382715   0.00206652
  0.00206652 -0.000133423
6.65817e-05  0.00121589
 0.00121589 5.33948e-05
 0.000365439   0.00173848
  0.00173848 -0.000494862
 0.000297973   0.00162564
  0.00162564 -0.000336155
-0.000312939   0.00160205
  0.00160205  0.000330061
  9.2047e-05    0.0020641
   0.0020641 -3.06889e-05
 0.000304282    0.0016743
   0.0016743 -0.000498119
   1.841e-05   0.00107422
  0.00107422 -4.52394e-07
 2.02122e-05   0.00116615
  0.00116615 -7.93942e-05
 8.2436e-06  0.00117689
 0.00117689 6.56889e-05
 1.01034e-05   0.00128572
  0.00128572 -1.35945e-05
-4.10649e-05   0.00111737
  0.00111737   7.8517e-06
-0.000359601   0.00208784
  0.00208784  0.000127058
-0.000365617    0.0017096
   0.0017096  0.000501789
-0.00022109  0.00146762
 0.00146762 0.000188496
-2.26855e-05    0.0012303
   0.0012303 -7.30731e-05
 0.000205051   0.00150935
  0.00150935 -0.000187054
 0.000219878   0.00154797
  0.00154797 -0.000365222
-0.000139229   0.00208597
  0.00208597  4.69742e-05
-0.000311942   0.00165391
  0.00165391   0.00048178
-0.000236513   0.00151294
  0.00151294   0.00040309
-0.000844944   0.00222237
  0.00222237  0.000119521
 0.000306066   0.00211774
  0.00211774 -0.000822235
 0.000105761   0.00151323
  0.00151323 -6.74967e-05
  7.5612e-06   0.00143561
  0.00143561 -0.000124531
0.000821297  0.00219371
 0.00219371 -0.00013011
-0.000308818   0.00209701
  0.00209701  0.000806599
4.53977e-06  0.00144128
 0.00144128 9.22856e-05
-6.9985e-05  0.00149112
 0.00149112 6.71258e-05
-7.90741e-05  0.000928417
 0.000928417 -9.98963e-06
 0.000393432   0.00119826
  0.00119826 -0.000602885
 0.000291168   0.00119226
  0.00119226 -0.000371427
-0.00029467  0.00115679
 0.00115679 0.000300724
 0.000110647    0.0010974
   0.0010974 -0.000184757
-9.88285e-05   0.00111815
  0.00111815  0.000180632
-3.85624e-05  0.000999353
 0.000999353  8.20671e-05
-0.000395972   0.00120197
  0.00120197   0.00060131
 0.000218904  0.000948284
 0.000948284 -0.000295295
-0.000198637  0.000980439
 0.000980439  0.000281105
-0.000144111    0.0014025
   0.0014025  0.000136165
-0.000139234   0.00191063
  0.00191063  0.000559161
-0.000227064   0.00215117
  0.00215117  -1.5381e-05
 0.000149376   0.00147246
  0.00147246 -0.000170251
 0.000101246   0.00125286
  0.00125286 -3.29853e-06
 0.000142478   0.00194311
  0.00194311 -0.000555365
 0.000287616   0.00213636
  0.00213636 -1.66248e-05
-0.000104066   0.00127467
  0.00127467 -1.51349e-05
-3.67053e-05   0.00107269
  0.00107269  0.000119941
 0.000103592   0.00122912
  0.00122912 -0.000217487
-8.73752e-05   0.00127465
  0.00127465 -0.000226861
-0.00010285  0.00122272
 0.00122272 0.000241384
2.84355e-05  0.00128152
 0.00128152 0.000240364
 0.000115472  0.000914512
 0.000914512 -2.31513e-05
  0.00032729   0.00114879
  0.00114879 -0.000323123
-0.000322124    0.0011414
   0.0011414  0.000343284
-2.22432e-05  0.000997612
 0.000997612 -1.79754e-05
  5.4165e-05  0.000737361
 0.000737361 -2.74677e-05
0.000102405 0.000503695
0.000503695  -9.113e-05
-0.00012076 0.000622353
0.000622353 6.61146e-05
-0.000117175  0.000471394
 0.000471394  0.000109831
 5.89821e-05  0.000601444
 0.000601444 -0.000103415
-5.84428e-05  0.000651382
 0.000651382 -3.75388e-05
-3.22982e-06  0.000722905
 0.000722905  8.05935e-06
-3.94064e-05  0.000715416
 0.000715416  1.01033e-05
-6.03155e-05  0.000615278
 0.000615278  3.05906e-05
 0.000292463  0.000495126
 0.000495126 -0.000489452
-4.19798e-05  0.000631487
 0.000631487  6.04781e-07
 0.000113961  0.000535366
 0.000535366 -0.000229593
 1.10235e-06  0.000636945
 0.000636945 -4.47202e-05
-0.000334335  0.000372234
 0.000372234  0.000218673
 0.000125884  0.000293197
 0.000293197 -0.000179858
  0.00022571  0.000360366
 0.000360366 -0.000333863
 0.000143203  0.000597456
 0.000597456 -0.000108811
 0.000203713  0.000347225
 0.000347225 -0.000222351
7.08642e-06 0.000590014
0.000590014 1.98334e-05
 0.000107317  0.000693051
 0.000693051 -0.000314334
 0.000307241  0.000433906
 0.000433906 -0.000323705
-4.87142e-06  0.000707121
 0.000707121 -1.34656e-05
-5.97161e-05  0.000509825
 0.000509825  1.01623e-05
 2.78314e-05  0.000638941
 0.000638941 -0.000107919
1.48163e-05 0.000684844
0.000684844   9.298e-06
-1.25596e-05  0.000512546
 0.000512546  -3.4887e-05
 1.54782e-05  0.000715202
 0.000715202 -3.53121e-05
-0.000501912  0.000491675
 0.000491675  0.000312788
-0.000190713  0.000296608
 0.000296608  0.000133747
-0.000220667  0.000351189
 0.000351189  0.000207019
-0.000318984  0.000447793
 0.000447793  0.000313529
 3.22024e-05  0.000682251
 0.000682251 -4.00904e-06
1.13403e-05 0.000583065
0.000583065 2.32418e-05
 0.000340872    0.0010046
   0.0010046 -0.000818787
-0.000822998  0.000999906
 0.000999906  0.000335698
-6.16096e-06   0.00074409
  0.00074409  5.31392e-06
 6.40298e-06  0.000320092
 0.000320092 -7.28652e-05
 7.03133e-05  0.000288438
 0.000288438 -7.34672e-05
-5.41769e-06  0.000743809
 0.000743809  4.00927e-06
-6.74915e-05  0.000290827
 0.000290827   6.7666e-05
-5.67359e-05  0.000323586
 0.000323586 -8.60758e-06
-7.57763e-05  0.000686814
 0.000686814  8.64558e-06
-0.00022171 0.000473528
0.000473528   0.0001365
3.05982e-05 0.000691987
0.000691987 -6.2056e-05
 4.80331e-05  0.000607552
 0.000607552 -6.07619e-05
-2.23079e-05  0.000616869
 0.000616869 -1.57281e-05
-1.14331e-05  0.000684911
 0.000684911  8.67129e-07
  1.7463e-05  0.000601771
 0.000601771 -4.80758e-05
-0.000345508  0.000587476
 0.000587476  0.000181874
-0.000149729  0.000675739
 0.000675739  3.58098e-05
 2.18014e-05  0.000628272
 0.000628272 -7.14368e-05
2.17001e-06 0.000748613
0.000748613 8.86717e-07
3.58898e-05 0.000452844
0.000452844  2.0366e-05
-0.000398834  0.000682421
 0.000682421  0.000511285
-8.62005e-05  0.000303665
 0.000303665  7.95707e-05
 0.000494189  0.000708355
 0.000708355 -0.000344451
2.19373e-05 0.000437877
0.000437877 2.86643e-05
 8.17368e-05  0.000301966
 0.000301966 -8.48114e-05
9.98818e-06 0.000723208
0.000723208 1.58552e-06
-3.61698e-05  0.000701429
 0.000701429  1.11686e-05
-0.000110134  0.000428342
 0.000428342  4.28362e-05
 4.52474e-05  0.000452093
 0.000452093 -0.000128614
-9.51188e-06  0.000729476
 0.000729476  1.73951e-06
-0.000229689  0.000998066
 0.000998066 -0.000240716
-5.45806e-05  0.000628328
 0.000628328  5.94285e-05
-0.000169028  0.000536735
 0.000536735  0.000195785
 1.20099e-05  0.000650152
 0.000650152 -1.35945e-05
-1.99208e-05  0.000693028
 0.000693028  8.41732e-06
-0.000252286   0.00132494
  0.00132494  0.000146213
 0.000180961  0.000985055
 0.000985055 -9.24315e-05
 0.000260989   0.00135088
  0.00135088 -0.000142034
 0.000176759   0.00115038
  0.00115038 -0.000203167
-0.000251243   0.00109392
  0.00109392  0.000175394
 0.000238824   0.00108227
  0.00108227 -0.000176475
-9.55887e-05   0.00112071
  0.00112071  0.000125876
-0.000184925   0.00109205
  0.00109205  0.000133125
 2.72147e-05   0.00102443
  0.00102443 -4.02406e-05
-2.95325e-05   0.00108821
  0.00108821  4.50655e-06
 2.31526e-05  0.000965195
 0.000965195 -2.55888e-05
-0.000334335   0.00160153
  0.00160153  0.000308667
 0.000510079   0.00175894
  0.00175894 -0.000379194
 0.000335845   0.00161397
  0.00161397 -0.000300601
  0.00012276   0.00203675
  0.00203675 -0.000359293
 3.53476e-06   0.00207901
  0.00207901 -3.19426e-05
-4.39547e-05   0.00122094
  0.00122094 -9.06805e-05
  5.9336e-05   0.00205407
  0.00205407 -0.000115698
 0.000484979   0.00167177
  0.00167177 -0.000289262
-1.43319e-06    0.0010774
   0.0010774 -2.10591e-05
-7.30919e-05   0.00118422
  0.00118422  2.08896e-06
 6.94543e-05   0.00116344
  0.00116344 -6.37168e-06
 8.84799e-06   0.00128761
  0.00128761 -1.04552e-05
-2.9548e-06  0.00112079
 0.00112079 3.58998e-05
-0.000119631   0.00204984
  0.00204984  0.000362312
 0.000180867   0.00150955
  0.00150955 -0.000205728
7.04878e-05  0.00123054
 0.00123054 2.24476e-05
-0.000501912    0.0017149
   0.0017149  0.000368032
-0.000190713   0.00147185
  0.00147185  0.000218739
-0.000476803    0.0016513
   0.0016513  0.000306285
-0.000401921   0.00151594
  0.00151594  0.000234476
-6.49437e-05   0.00207081
  0.00207081  0.000136975
 0.000369089   0.00154235
  0.00154235 -0.000230623
-6.74915e-05   0.00149709
  0.00149709  6.83074e-05
-0.000822998   0.00209246
  0.00209246  0.000320698
 0.000124761   0.00218953
  0.00218953 -0.000821208
-0.000106288   0.00220062
  0.00220062   0.00082682
 0.000806609   0.00208656
  0.00208656 -0.000314203
-9.44455e-05   0.00144706
  0.00144706 -4.79146e-06
 6.97835e-05   0.00151273
  0.00151273 -0.000109387
 0.000119203   0.00143505
  0.00143505 -3.44122e-06
9.35138e-06 0.000930288
0.000930288 7.61482e-05
 0.000589227   0.00119869
  0.00119869 -0.000389102
 0.000375286   0.00118706
  0.00118706 -0.000296795
-0.000298717    0.0011571
   0.0011571  0.000290024
 0.000186659   0.00110109
  0.00110109 -0.000116406
-0.00018067  0.00111954
 0.00111954 9.34347e-05
-8.47034e-05  0.000995644
 0.000995644  4.01469e-05
-0.000595354   0.00120288
  0.00120288  0.000386853
  0.00029228  0.000955212
 0.000955212 -0.000222044
-0.000280781  0.000980712
 0.000980712  0.000193928
 4.3361e-05  0.00211371
 0.00211371 0.000184744
-0.000138124   0.00140802
  0.00140802  0.000142973
-0.000580064   0.00191118
  0.00191118  0.000155446
 0.000169048   0.00147256
  0.00147256 -0.000152088
-2.86825e-06   0.00125075
  0.00125075 -9.93047e-05
-7.45807e-07   0.00211706
  0.00211706 -0.000280423
 0.000580453   0.00194587
  0.00194587 -0.000180913
 1.2069e-05  0.00128167
 0.00128167 0.000103904
-0.000121103   0.00106856
  0.00106856  3.07682e-05
 0.000215765   0.00123179
  0.00123179 -0.000104475
-0.000250724   0.00126168
  0.00126168 -2.12373e-05
-0.000243274   0.00122849
  0.00122849  0.000102659
0.000252681  0.00127929
 0.00127929 5.17133e-05
 2.07504e-05  0.000920801
 0.000920801 -0.000118123
 0.000319063   0.00114829
  0.00114829 -0.000323437
-0.000343904   0.00114448
  0.00114448   0.00031532
8.15537e-06 0.000994679
0.000994679 2.55037e-05
 9.40627e-05  0.000505836
 0.000505836 -0.000103227
-6.5047e-05 0.000625085
0.000625085   0.0001223
 4.95272e-05  0.000728064
 0.000728064 -7.04311e-05
-0.000110988  0.000468477
 0.000468477   0.00011831
0.000105951 0.000601253
0.000601253 -6.1617e-05
5.75233e-05 0.000662064
0.000662064 4.79689e-05
-6.84855e-06  0.000718366
 0.000718366  4.57314e-06
-8.98987e-06  0.000710228
 0.000710228  3.70667e-05
-3.01889e-05  0.000615951
 0.000615951  5.80773e-05
1.10235e-06  0.00063076
 0.00063076 4.02722e-05
4.81955e-05 0.000628331
0.000628331 -5.0479e-06
 0.000108331  0.000635524
 0.000635524 -2.96122e-05
 0.000335845  0.000358487
 0.000358487 -0.000231001
 0.000180867  0.000298795
 0.000298795 -0.000127484
 0.000229761  0.000535275
 0.000535275 -0.000116382
-0.000319017  0.000482762
 0.000482762  0.000501789
-0.000214849  0.000373278
 0.000373278  0.000330061
 0.000224247  0.000350809
 0.000350809 -0.000203381
-0.000308856  0.000448764
 0.000448764  0.000317142
-1.90952e-05  0.000589589
 0.000589589 -7.88105e-06
-1.25596e-05  0.000506591
 0.000506591  6.18969e-05
1.54782e-05 0.000707532
0.000707532 5.86654e-06
-1.01318e-05  0.000683438
 0.000683438  -1.4977e-05
 0.000110336  0.000594121
 0.000594121 -0.000142384
4.42213e-05 0.000519472
0.000519472 4.77022e-07
3.05786e-05 0.000711349
0.000711349 -6.6762e-06
 0.000510079  0.000510225
 0.000510225 -0.000299136
-0.000131924  0.000295845
 0.000295845  0.000188496
 0.000303865  0.000686413
 0.000686413 -0.000105523
-6.89365e-06   0.00058176
  0.00058176  -2.1945e-05
0.000338626 0.000437419
0.000437419 -0.00032511
-0.000205134  0.000350572
 0.000350572  0.000218451
 7.51293e-07  0.000677954
 0.000677954 -2.98437e-05
 0.000806609   0.00101091
  0.00101091 -0.000325927
-0.000318009   0.00100695
  0.00100695  0.000806599
-6.8052e-05 0.000289409
0.000289409 6.71258e-05
6.40298e-06 0.000322106
0.000322106 5.80632e-05
 6.97835e-05   0.00029212
  0.00029212 -6.87611e-05
7.00457e-05 0.000326932
0.000326932 6.01368e-07
-6.16096e-06  0.000745083
 0.000745083  6.39373e-06
-5.3137e-06  0.00074634
 0.00074634  3.0324e-06
-3.66648e-06  0.000684626
 0.000684626  7.02445e-05
-0.000182747  0.000588225
 0.000588225  0.000346028
-0.000135086  0.000472502
 0.000472502  0.000220571
 6.20808e-05  0.000686019
 0.000686019 -2.87951e-05
2.50513e-05  0.00062089
 0.00062089  7.3756e-06
 6.08872e-05   0.00060591
  0.00060591 -4.78029e-05
2.35987e-06 0.000681175
0.000681175 9.95215e-06
 5.51816e-05  0.000599198
 0.000599198 -2.75614e-05
-3.04909e-05  0.000683644
 0.000683644  0.000148963
 7.32669e-05  0.000628724
 0.000628724 -2.48859e-05
-5.19948e-06  0.000745953
 0.000745953  6.57204e-08
 0.000318177  0.000710478
 0.000710478 -0.000480418
-7.99362e-05  0.000302054
 0.000302054  8.67411e-05
-1.94252e-05  0.000456155
 0.000456155 -3.76685e-05
-3.06952e-05  0.000434921
 0.000434921  -1.9553e-05
 8.80386e-05  0.000308428
 0.000308428 -8.31454e-05
-0.000506596  0.000673101
 0.000673101  0.000390035
-5.39653e-06  0.000725099
 0.000725099 -8.33792e-06
-1.18627e-05  0.000698687
 0.000698687  3.59048e-05
-4.44007e-05  0.000426032
 0.000426032  0.000110691
 0.000130785  0.000455227
 0.000455227 -4.71662e-05
-5.38739e-06  0.000724591
 0.000724591  1.30359e-05
0.000270506 0.000985628
0.000985628 0.000199112
-5.80074e-05  0.000631769
 0.000631769   5.1421e-05
-0.000197303  0.000536838
 0.000536838  0.000169743
 1.94643e-05  0.000648291
 0.000648291 -1.60616e-05
-6.56116e-06  0.000690962
 0.000690962  1.89649e-05
