 0.596502 0.0449523
0.0449523   1.23647
 -0.427753 -0.0985501
-0.0985501   0.460959
0.0874989 0.0760274
0.0760274  0.836003
  0.132006 -0.0596142
-0.0596142   0.890465
 0.676645 -0.020608
-0.020608   1.34544
-0.264492 -0.170209
-0.170209  0.474967
-0.254988  0.193956
 0.193956  0.565214
0.276103 0.118799
0.118799  1.07836
0.242097  -0.1102
 -0.1102  1.03965
-0.430102   0.10956
  0.10956  0.522515
  0.429654 0.00421858
0.00421858   0.850146
 0.459034 -0.163877
-0.163877   2.08157
    1.86966 -0.00691261
-0.00691261     4.70557
-0.428819 -0.051151
-0.051151  0.550931
  -3.26847 -0.0136006
-0.0136006  -0.628101
  -2.72837 -0.0141124
-0.0141124 -0.0958464
  -2.74048 0.00250332
0.00250332  -0.526785
 -2.82381 0.0128948
0.0128948 -0.158247
  0.731125 -0.0604217
-0.0604217    1.96926
  -2.46521 -0.0810177
-0.0810177  0.0873119
  1.44238 -0.179242
-0.179242   4.64706
   1.93997 -0.0077779
-0.0077779    4.72311
 -1.51689 -0.153426
-0.153426  0.263962
 0.736352 0.0628966
0.0628966   1.96544
-0.430907 0.0591707
0.0591707  0.558364
   0.125567 -0.00412261
-0.00412261    0.478077
 -2.51522 0.0343927
0.0343927 0.0498856
 1.51259 0.173791
0.173791   4.7788
  1.46826 -0.173188
-0.173188   4.48972
 1.51278 0.173942
0.173942  4.62682
-1.54823 0.143975
0.143975 0.291211
  -1.3439 -0.217081
-0.217081  0.573151
-1.35668 0.221406
0.221406 0.555311
0.533923 0.180466
0.180466  1.93951
  1.26954 -0.134796
-0.134796   2.54089
-2.61399 0.565759
0.565759 0.639655
 1.61592 0.104281
0.104281   5.6393
  -2.5912 -0.543934
-0.543934  0.661965
   1.58255 -0.0849603
-0.0849603    5.66768
-2.64151 0.518656
0.518656 0.653597
  1.62083 0.0516351
0.0516351   5.73167
   1.61627 -0.0340431
-0.0340431    5.69002
-2.67354 -0.50344
-0.50344 0.591883
  0.201593 -0.0667594
-0.0667594   0.518413
 1.24593 0.156783
0.156783  2.57703
   0.51794 0.00274285
0.00274285   0.766286
   0.478682 -0.00652759
-0.00652759    0.729288
  1.19775 -0.033931
-0.033931   2.54924
  1.2315 0.053622
0.053622  2.53474
    1.22963 0.000163034
0.000163034     1.68274
  1.21959 0.0105942
0.0105942   1.70708
-1.88954 0.410411
0.410411 0.465563
  0.22032 0.0901002
0.0901002   1.87466
-2.06214 0.409159
0.409159 0.259828
  -1.8361 -0.404765
-0.404765  0.476157
  0.323181 -0.0938555
-0.0938555    1.91067
 0.320068 0.0443827
0.0443827   2.07337
  0.295928 -0.0464604
-0.0464604    2.06607
-2.13586 -0.40115
-0.40115 0.213681
 0.32635 0.293816
0.293816  2.33798
 0.500354 -0.215159
-0.215159   2.45372
 0.283628 -0.301433
-0.301433    2.2631
0.453877  0.17452
 0.17452  2.39284
 0.178132 0.0685549
0.0685549  0.427358
 -0.492994 -0.0246412
-0.0246412   0.334286
-0.531562 0.0545636
0.0545636  0.256609
   0.101741 -0.00268726
-0.00268726    0.767218
     0.09322 -0.000540126
-0.000540126     0.766044
 0.0721479 -0.0138096
-0.0138096   0.744792
  0.17142 0.0191983
0.0191983  0.827437
 0.112561 0.0197197
0.0197197  0.783953
  0.113911 -0.0197049
-0.0197049   0.777479
   0.137875 -0.00669209
-0.00669209    0.786982
  0.131134 -0.0145596
-0.0145596   0.782541
    0.2925 0.00873737
0.00873737   0.909459
  0.463434 0.00526341
0.00526341   0.895237
  -0.134103 -0.00925471
-0.00925471    0.209667
  0.290997 0.00109714
0.00109714   0.899955
  0.441843 0.00514706
0.00514706   0.863913
   0.584192 0.000798747
0.000798747    0.996281
  0.142396 0.00415167
0.00415167   0.686583
   0.474931 -0.00441794
-0.00441794    0.909778
   0.466777 -0.00896257
-0.00896257     0.90123
  0.587292 -0.0013595
-0.0013595    1.00505
  0.0608156 -0.00117863
-0.00117863    0.772409
 -0.121992 0.00118464
0.00118464    0.22791
  0.107542 -0.0176582
-0.0176582   0.659499
  0.0843079 -0.00883337
-0.00883337     0.64815
   0.287553 -0.00452846
-0.00452846    0.892011
 0.0905237 0.00620797
0.00620797   0.652024
   0.138143 0.000300045
0.000300045    0.866994
-0.0368356 -0.0412079
-0.0412079   0.358852
-0.102649 0.0308596
0.0308596  0.241412
-0.0520359   0.034448
  0.034448   0.286133
-0.0870192 -0.0361945
-0.0361945   0.262094
 0.371182 0.0220882
0.0220882  0.868302
  0.352097 -0.0244934
-0.0244934   0.862245
  0.351939 -0.0288791
-0.0288791   0.843622
 0.368343 0.0232451
0.0232451  0.858205
  0.317828 -0.0494256
-0.0494256    0.77287
  0.116616 -0.0276193
-0.0276193   0.537955
  0.332951 -0.0454738
-0.0454738   0.792894
 0.104493 -0.020096
-0.020096  0.513796
 0.10551 0.021805
0.021805  0.52481
 0.326702 0.0461585
0.0461585  0.790688
 0.306743 0.0512474
0.0512474  0.763118
 0.128845 0.0321176
0.0321176  0.558421
  0.0956506 -0.00399254
-0.00399254    0.846241
  0.0174889 -0.00998549
-0.00998549    0.598664
-0.0218928  0.0205019
 0.0205019   0.546673
   0.0709047 -0.000769089
-0.000769089     0.823051
 0.0730314 0.00237764
0.00237764   0.827577
 0.113932 0.0168467
0.0168467  0.827653
 -0.0273564 -0.00616959
-0.00616959    0.550934
  -0.04651 0.00578703
0.00578703   0.531597
 -0.0458015 -0.00129177
-0.00129177    0.672602
-0.0460753 0.00361923
0.00361923   0.672864
 0.299772 0.0421379
0.0421379  0.817164
 0.305856 -0.045037
-0.045037  0.824354
0.297746 0.045249
0.045249 0.803762
  0.287428 -0.0474613
-0.0474613   0.798839
   0.214195 -0.00428662
-0.00428662    0.760711
  0.210369 0.00206353
0.00206353   0.762584
   0.211649 -0.00308084
-0.00308084    0.763052
  0.210271 0.00201551
0.00201551   0.767206
   0.269611 -0.00380084
-0.00380084    0.840388
 0.144545 0.0208138
0.0208138  0.673381
  0.134378 0.00919653
0.00919653   0.657747
 0.142756 -0.029245
-0.029245  0.677442
  0.142937 -0.0208341
-0.0208341   0.661399
 0.137918 0.0108255
0.0108255  0.891294
   0.238823 -0.00524391
-0.00524391    0.896824
  0.249141 0.00714831
0.00714831   0.911423
   0.119282 -0.00629307
-0.00629307    0.785984
0.128219 0.077619
0.077619 0.870561
  0.164504 -0.0808349
-0.0808349   0.888813
 0.616925 0.0372519
0.0372519    1.3352
-0.249347 -0.182033
-0.182033  0.616991
0.236816 0.118894
0.118894  1.01473
 0.222018 -0.127256
-0.127256   0.97244
0.00802971   0.093621
  0.093621   0.763684
 0.182573 0.0996865
0.0996865  0.975079
 -0.522099 -0.0784681
-0.0784681    0.35917
 -2.80612 0.0148959
0.0148959  -0.12246
 -2.96433 0.0360466
0.0360466 -0.554912
  1.86625 0.0096578
0.0096578   4.70852
   -2.81079 -0.00333798
-0.00333798   -0.562946
  -2.79738 -0.0226077
-0.0226077  -0.130834
 -0.443353 -0.0642824
-0.0642824   0.543434
   0.392396 -0.00568207
-0.00568207    0.817051
  2.00774 0.0317098
0.0317098    4.9264
 0.731026 0.0556976
0.0556976   1.96869
0.608909 0.171843
0.171843   1.9586
-0.431516 0.0572783
0.0572783  0.577647
 0.706069 -0.064601
-0.064601   1.95848
  -2.48892  0.0196389
 0.0196389 -0.0776007
  -3.00918 -0.0019574
-0.0019574 0.00447412
   0.168892 -0.00938544
-0.00938544    0.543692
  0.539506 -0.0212461
-0.0212461    1.98475
  1.5067 0.171759
0.171759  4.58645
  1.52243 -0.171546
-0.171546   4.81694
  1.51402 -0.143682
-0.143682   4.57777
1.35348 0.15516
0.15516 4.40247
 -1.52415 -0.145527
-0.145527   0.35146
 -1.43444 -0.189313
-0.189313  0.472391
-1.36038 0.215574
0.215574 0.524916
-1.39854 0.149688
0.149688 0.398847
 -2.6864 0.512249
0.512249 0.630478
  1.58529 0.0466079
0.0466079    5.6716
   1.4688 0.0161349
0.0161349   5.73295
  1.62065 -0.105686
-0.105686   5.64419
 -2.72649 -0.575351
-0.575351  0.598021
-2.68768 -0.49346
-0.49346 0.559204
   1.65159 -0.0161946
-0.0161946    5.76525
-2.57761 0.471208
0.471208 0.677901
  0.553561 -0.0161004
-0.0161004   0.738693
  1.19435 -0.152623
-0.152623   2.57557
   1.0052 0.0663136
0.0663136   2.30357
  0.556023 -0.0242832
-0.0242832     0.7714
  0.559941 0.00494269
0.00494269     0.7786
 0.353843 -0.122103
-0.122103  0.693645
  1.16942 0.0388876
0.0388876   2.47763
   1.2982 -0.044814
-0.044814   2.59623
     1.2955 -0.00577731
-0.00577731     1.70367
   1.25831 -0.0284553
-0.0284553    1.67843
-2.08223 0.397129
0.397129 0.370703
 -1.89047 -0.382431
-0.382431    0.4434
-1.86532 0.408632
0.408632 0.476951
 -2.07748 -0.406125
-0.406125  0.247232
 0.344541 0.0921059
0.0921059   1.96017
  0.306667 -0.0446739
-0.0446739    2.09795
 0.364591 0.0360785
0.0360785    2.1131
 0.0976704 -0.0437509
-0.0437509     1.9639
-0.518899 0.0487465
0.0487465  0.706009
 0.464654 -0.143639
-0.143639    2.4128
 0.245193 -0.318231
-0.318231   2.20627
0.381982 0.373743
0.373743  2.33379
 0.28655 0.287279
0.287279  2.30177
 0.0804737 -0.0980141
-0.0980141   0.296952
 -0.606872 -0.0617422
-0.0617422   0.163656
-0.502181 0.0275286
0.0275286   0.29532
 0.177672 0.0396639
0.0396639  0.802786
 0.0948697 0.00124942
0.00124942    0.76042
  0.0973591 -0.00204242
-0.00204242    0.773203
 0.0678674 -0.0152581
-0.0152581   0.742208
 0.179656 0.0215175
0.0215175  0.835257
 0.105142 0.0193995
0.0193995   0.76805
   0.10679 -0.0195435
-0.0195435   0.779766
  0.116741 0.00653576
0.00653576   0.783844
  0.0843476 -0.00714507
-0.00714507    0.750736
   0.28614 0.00714918
0.00714918   0.894308
   0.548451 -0.00521284
-0.00521284    0.977146
  0.492811 0.00356956
0.00356956   0.938994
  0.137269 0.00279608
0.00279608   0.858208
  -0.145356 0.000616916
0.000616916    0.197688
  -0.142876 -0.00842058
-0.00842058    0.208913
  0.268604 0.00298875
0.00298875   0.877159
  0.0950855 -0.00831177
-0.00831177    0.665956
 0.0924296 -0.0166376
-0.0166376   0.635598
 0.0534599 0.00185476
0.00185476   0.755814
  0.508208 0.00758428
0.00758428   0.917585
   0.410304 -0.00689954
-0.00689954    0.869719
   0.508927 -0.00858798
-0.00858798    0.932056
  0.442135 0.00361771
0.00361771   0.852791
 0.0790103 0.00642583
0.00642583   0.630587
  0.147119 0.00690477
0.00690477   0.694729
    0.29466 0.000594313
0.000594313    0.893697
-0.0955594 -0.0378081
-0.0378081   0.257346
-0.0407436  0.0364315
 0.0364315   0.324677
 -0.10558 0.0327151
0.0327151  0.246067
-0.104181 -0.042481
-0.042481  0.247516
  0.37471 0.0207348
0.0207348  0.880617
 0.359632 0.0238416
0.0238416  0.859155
  0.355639 -0.0278781
-0.0278781   0.862855
 0.353734 -0.030942
-0.030942  0.846763
0.131067 -0.03493
-0.03493 0.556011
  0.107273 -0.0307335
-0.0307335   0.525035
0.0912538 0.0293176
0.0293176  0.506507
  0.316001 -0.0538813
-0.0538813   0.779263
 0.324739 0.0546843
0.0546843  0.780357
 0.339174 0.0546171
0.0546171  0.797377
 0.102305 0.0291108
0.0291108  0.524119
  0.346605 -0.0582327
-0.0582327   0.806527
  0.0875854 -0.00200107
-0.00200107    0.836265
-0.0288238  0.0178413
 0.0178413   0.550411
  0.0121352 -0.00832539
-0.00832539    0.594774
 0.0684994 0.00250441
0.00250441   0.809735
  0.0593811 -0.00238169
-0.00238169    0.818094
 0.127738 0.0227621
0.0227621  0.838283
-0.0251974 -0.0027331
-0.0027331   0.555273
-0.0523652 0.00730766
0.00730766   0.535311
-0.0466267 0.00214689
0.00214689   0.662766
 -0.0440358 -0.00544297
-0.00544297    0.680484
  0.297536 -0.0505093
-0.0505093   0.811101
 0.341373 -0.047199
-0.047199  0.853557
 0.300037 0.0489919
0.0489919  0.816478
  0.31064 0.0474443
0.0474443  0.830897
  0.215756 0.00468275
0.00468275   0.777183
    0.18301 0.000106187
0.000106187    0.753033
   0.218494 -0.00733894
-0.00733894    0.773909
   0.25166 -0.0117911
-0.0117911   0.802992
 0.262928 0.0109686
0.0109686  0.837376
 0.129787 0.0179616
0.0179616  0.661973
 0.125643 0.0147088
0.0147088  0.662108
  0.136392 -0.0262286
-0.0262286   0.659824
  0.133986 -0.0203639
-0.0203639     0.6587
  0.124705 0.00804643
0.00804643   0.873622
  0.227151 0.00598363
0.00598363   0.899174
  0.225151 -0.0028879
-0.0028879    0.87872
0.0800992  0.003023
 0.003023  0.734213
  0.17291 0.0165777
0.0165777  0.837951
  0.178905 -0.0203928
-0.0203928    0.84246
 0.131365 0.0191956
0.0191956  0.802746
  0.0748811 -0.00403413
-0.00403413    0.734934
  0.086484 -0.0106139
-0.0106139   0.761295
0.0933451  0.011408
 0.011408  0.765176
   0.14947 -0.0196421
-0.0196421    0.78658
   0.105659 3.06689e-05
3.06689e-05    0.758721
 -0.0278068 -0.00620439
-0.00620439    0.556139
-0.0660308  0.0367666
 0.0367666   0.290565
  0.546223 0.00975483
0.00975483   0.969075
    0.54523 -0.00658896
-0.00658896    0.970678
-0.0181693 -0.0372941
-0.0372941   0.331827
  -0.150467 -0.00344513
-0.00344513    0.190477
-0.0906317  0.0361703
 0.0361703   0.264756
 0.343482 0.0306813
0.0306813  0.832372
  -0.171588 -0.00211888
-0.00211888    0.165949
-0.0609381 -0.0406736
-0.0406736   0.299273
-0.0570301  -0.011074
 -0.011074   0.524276
   0.186249 -0.00257062
-0.00257062     0.88156
  0.318586 -0.0215812
-0.0215812   0.807413
  0.361725 -0.0247773
-0.0247773   0.867806
-0.0615401 0.00692308
0.00692308   0.519916
 0.362042 0.0207565
0.0207565  0.867341
-0.00035487  0.00041704
 0.00041704    0.729006
  0.425001 0.00840991
0.00840991   0.886494
   0.527525 -0.00146351
-0.00146351    0.942371
   0.388933 -0.00560896
-0.00560896    0.840618
  0.532181 0.00305951
0.00305951   0.951519
0.0928694 0.0106732
0.0106732  0.641295
  0.0863921 -0.00936767
-0.00936767    0.650236
 0.0860999 -0.0077989
-0.0077989   0.634058
  0.103262 0.00916799
0.00916799   0.668543
 0.307065 0.0575869
0.0575869  0.763802
0.0988692 0.0345717
0.0345717  0.511694
0.0997372 0.0300499
0.0300499  0.522158
 0.336333 0.0553783
0.0553783   0.79213
  0.328135 -0.0545543
-0.0545543   0.773762
  0.103326 -0.0307171
-0.0307171   0.521826
 0.304882 -0.056697
-0.056697  0.764951
  0.104159 -0.0345598
-0.0345598    0.52293
 0.0339987 0.00537909
0.00537909   0.777842
   0.238776 -0.00398333
-0.00398333    0.844351
   0.266551 -0.00354133
-0.00354133    0.870322
  0.0819795 -0.00251428
-0.00251428    0.837416
 0.0798407 0.00287644
0.00287644   0.835524
 0.0521775 -0.0238692
-0.0238692   0.746137
  0.308335 -0.0118389
-0.0118389    0.91989
 0.303793 0.0118561
0.0118561  0.910016
   0.168272 -0.00411566
-0.00411566    0.895504
  0.168461 0.00461799
0.00461799   0.895694
    0.17253 -0.00311253
-0.00311253    0.731087
   0.200874 -0.00392391
-0.00392391    0.763916
  0.225729 0.00511128
0.00511128   0.782279
  0.202426 0.00538466
0.00538466   0.761428
 0.288322 -0.047241
-0.047241  0.794712
 0.315104 0.0481555
0.0481555  0.819514
 0.307353 0.0483921
0.0483921  0.828017
  0.305186 -0.0502685
-0.0502685   0.815093
 0.0139921 -0.0155864
-0.0155864   0.557334
 0.124923 0.0184169
0.0184169  0.652768
  0.114726 -0.0158822
-0.0158822   0.641758
  0.129377 -0.0116924
-0.0116924   0.663115
  0.10959 0.0160565
0.0160565  0.635018
 0.00716401 -0.00638373
-0.00638373    0.755386
  0.0188208 -0.00146142
-0.00146142    0.710652
 0.0154783 0.00181229
0.00181229   0.701235
   0.161151 -0.00357463
-0.00357463    0.796622
  0.172786 -0.0845482
-0.0845482   0.905141
 0.627593 0.0460181
0.0460181   1.34673
  0.11413 0.0777639
0.0777639  0.841073
 -0.25839 -0.180922
-0.180922  0.611349
 0.218106 -0.130101
-0.130101  0.973473
0.252422 0.123472
0.123472  1.02351
0.0193616 0.0951813
0.0951813  0.759639
 0.197208 0.0944524
0.0944524  0.978405
 -0.541531 -0.0727927
-0.0727927    0.34985
  0.160473 -0.0146064
-0.0146064   0.532723
   -2.97617 -0.00115078
-0.00115078   0.0150162
 -2.93162 0.0294221
0.0294221 -0.540244
  0.540458 -0.0233273
-0.0233273    1.96546
  -2.5463 0.0210863
0.0210863 -0.101379
  -2.74982 -0.0101745
-0.0101745 -0.0984174
 -2.77159 0.0161096
0.0161096 -0.529429
 -0.466674 -0.0717671
-0.0717671   0.527119
  2.00879 0.0303264
0.0303264   4.92077
  1.91111 0.0255752
0.0255752   4.77654
 1.43761 0.172146
0.172146   4.4862
 0.63191 0.171939
0.171939  1.99734
 0.706123 0.0678925
0.0678925   1.95136
-1.29829 0.215941
0.215941 0.571888
  0.417668 -0.0128365
-0.0128365   0.847326
 -2.93088 0.0253384
0.0253384 -0.154289
  1.55457 -0.164692
-0.164692   4.88107
-0.491476 0.0432822
0.0432822  0.531314
 1.36091 0.156353
0.156353  4.40055
  1.51383 -0.143811
-0.143811    4.5715
 -1.42719 -0.190118
-0.190118   0.47359
-1.39523 0.148871
0.148871 0.398792
  0.718608 -0.0566252
-0.0566252     1.9828
 -1.53974 -0.138717
-0.138717  0.351041
-2.56746 0.478389
0.478389 0.672546
  1.48701 0.0219596
0.0219596   5.74666
   1.64532 -0.0118004
-0.0118004    5.77159
 -2.68143 -0.488497
-0.488497  0.564417
-2.70265 -0.58284
-0.58284  0.61994
  1.62795 -0.113588
-0.113588    5.6744
-2.64393  0.50122
 0.50122 0.666885
  1.58897 0.0355863
0.0355863   5.74666
  0.545438 -0.0161558
-0.0161558   0.721664
    1.2867 -0.0497612
-0.0497612    2.57037
  1.00595 0.0632905
0.0632905   2.30025
1.21101 -0.1498
-0.1498 2.60123
  0.553586 0.00833454
0.00833454   0.756047
  0.560366 -0.0259935
-0.0259935   0.778043
 0.364656 -0.122748
-0.122748  0.702587
  1.17234 0.0355763
0.0355763   2.47685
    1.30524 -0.00252949
-0.00252949      1.7015
   1.26558 -0.0277991
-0.0277991    1.68492
  0.184043 -0.0588481
-0.0588481    2.00279
 -1.89028 -0.384204
-0.384204   0.44615
-2.09092 0.400708
0.400708 0.353787
 -2.11626 -0.406157
-0.406157  0.232783
 0.322924 0.0882154
0.0882154   1.94177
 0.0990698 -0.0403787
-0.0403787    1.94613
 0.351698 0.0453573
0.0453573   2.09716
-1.94407 0.410726
0.410726 0.419217
-0.493073 0.0485423
0.0485423   0.71759
0.405103 0.376738
0.376738  2.34255
 0.235777 -0.319857
-0.319857   2.20153
  0.48662 -0.146089
-0.146089   2.44747
0.351026 0.314414
0.314414  2.33935
 0.0998653 -0.0937675
-0.0937675   0.305271
-0.497823 0.0245422
0.0245422  0.296997
 -0.588159 -0.0585257
-0.0585257   0.169205
 0.196938 0.0414765
0.0414765  0.827994
  0.0890444 0.000929854
0.000929854    0.759798
 0.0627617 -0.0124191
-0.0124191   0.738436
  0.0948519 -0.00137866
-0.00137866    0.757749
  0.16838 0.0198542
0.0198542  0.826344
 0.111691 0.0194301
0.0194301  0.782303
  0.114133 -0.0210261
-0.0210261   0.775712
   0.122604 -0.00151639
-0.00151639    0.775676
  0.119453 -0.0130768
-0.0130768   0.777446
 0.291032 0.0109354
0.0109354  0.909443
   0.58142 0.00320232
0.00320232   0.993459
    0.132162 -0.000596951
-0.000596951     0.862247
   0.584405 -0.00387832
-0.00387832     1.00008
   0.445318 -0.00810467
-0.00810467    0.887067
  0.292984 0.00346989
0.00346989   0.900599
-0.0921851 -0.0370108
-0.0370108   0.258479
  -0.129041 0.000320236
0.000320236    0.222791
 -0.141923 -0.0052263
-0.0052263   0.200789
  0.0920512 -0.00875758
-0.00875758    0.655808
  0.345909 -0.0287365
-0.0287365   0.839475
  0.103056 -0.0152107
-0.0152107   0.655947
   0.471813 -0.00151437
-0.00151437    0.906414
  0.432781 0.00733344
0.00733344   0.853636
  0.0560718 0.000235922
0.000235922    0.769314
  0.138367 0.00698397
0.00698397    0.68174
  0.455512 0.00373592
0.00373592   0.882985
-0.100032 0.0326206
0.0326206  0.252642
-0.0682169 -0.0387251
-0.0387251   0.307307
   0.295963 -0.00294665
-0.00294665    0.897336
-0.0569976  0.0341292
 0.0341292   0.282873
 0.368326 0.0220376
0.0220376  0.868608
 0.0910269 0.00510883
0.00510883   0.648832
 0.357022 0.0258472
0.0258472  0.852879
  0.356244 -0.0222818
-0.0222818   0.863725
  0.318973 -0.0492775
-0.0492775   0.774028
  0.119364 -0.0275486
-0.0275486   0.539057
 0.125832 0.0316074
0.0316074  0.556074
 0.315901 0.0516665
0.0516665  0.767185
 0.331166 0.0497324
0.0497324  0.794593
 0.112788 0.0258276
0.0258276  0.534875
  0.328937 -0.0463834
-0.0463834   0.790145
  0.107939 -0.0217902
-0.0217902   0.519278
 0.0848213 -0.0041049
-0.0041049   0.840083
-0.0473551 0.00615075
0.00615075   0.533225
-0.0248594  0.0207855
 0.0207855   0.546882
 0.00533523 -0.00917705
-0.00917705    0.586168
 0.0685885 -0.0022784
-0.0022784   0.821301
 0.0715442 0.00165111
0.00165111   0.826429
 0.110598 0.0181394
0.0181394  0.828433
 -0.0276283 -0.00567274
-0.00567274    0.555555
 -0.0507247 -0.00131517
-0.00131517    0.669967
-0.0503583 0.00166116
0.00166116   0.670167
  0.314206 -0.0425684
-0.0425684    0.82812
 0.304464 0.0456215
0.0456215  0.822816
   0.229227 -0.00289867
-0.00289867    0.774394
 0.294505 0.0452257
0.0452257  0.802066
  0.203537 0.00365907
0.00365907   0.752605
  0.297639 -0.0471425
-0.0471425   0.809169
  0.220135 0.00417883
0.00417883   0.777369
  0.220723 -0.0030634
-0.0030634   0.771747
   0.272498 0.000104366
0.000104366    0.844257
  0.135712 0.00942727
0.00942727     0.6598
  0.141759 -0.0207583
-0.0207583   0.660903
  0.135777 -0.0247505
-0.0247505   0.666755
 0.145435 0.0215681
0.0215681  0.673459
 0.136014 0.0109173
0.0109173  0.892471
  0.245633 0.00664397
0.00664397   0.910005
   0.233479 -0.00471103
-0.00471103    0.894951
   0.105615 -0.00372077
-0.00372077    0.775894
 0.152811 0.0845515
0.0845515  0.866077
 0.135111 -0.077868
-0.077868  0.878611
  0.614751 -0.0437316
-0.0437316    1.32569
-0.231981  0.182551
 0.182551  0.623158
 0.245826 -0.120327
-0.120327    1.0257
0.244578 0.128042
0.128042 0.990805
0.00793693 -0.0955389
-0.0955389   0.742336
 0.222607 -0.102888
-0.102888   1.00238
-0.508103 0.0704281
0.0704281  0.375943
  -2.74536 0.00791215
0.00791215  -0.527092
  -2.88096 -0.0404382
-0.0404382  -0.506492
 0.174785 0.0047685
0.0047685  0.563779
 -0.400288 -0.0572194
-0.0572194   0.602256
    1.9883 -0.0262124
-0.0262124     4.8849
   1.85087 -0.0166195
-0.0166195     4.6827
 0.708197 0.0674983
0.0674983   1.94729
 0.537864 0.0169765
0.0169765   1.97566
  0.389274 0.00460573
0.00460573   0.825952
 -2.82131 0.0248407
0.0248407 -0.150725
  -2.72629 -0.0110131
-0.0110131 -0.0853155
   -3.00069 -0.00275357
-0.00275357  0.00297293
  -2.50283 -0.0201557
-0.0201557  -0.082837
-0.426845 0.0617174
0.0617174   0.55834
  0.735126 -0.0529353
-0.0529353    1.96888
 0.615586 -0.175569
-0.175569   1.96288
  1.51225 -0.176507
-0.176507   4.57753
  1.5714 0.174552
0.174552  4.91026
 1.50857 0.147766
0.147766  4.55879
1.39396 -0.1597
-0.1597 4.46806
 -1.41729 -0.151653
-0.151653  0.387894
-1.42463 0.193627
0.193627 0.473435
 -1.33831 -0.219264
-0.219264  0.541719
-1.54315 0.146473
0.146473 0.351624
  1.66138 0.0247609
0.0247609   5.76346
-2.65135 0.500055
0.500055 0.570308
   1.45432 -0.0425141
-0.0425141    5.67763
 -2.45759 -0.485822
-0.485822  0.723369
 -2.65734 -0.523595
-0.523595  0.633246
   1.60934 -0.0576955
-0.0576955    5.68456
-2.66056 0.584739
0.584739 0.633203
 1.60754 0.122255
0.122255  5.61477
 0.561873 0.0121634
0.0121634  0.745163
   1.01552 -0.0745536
-0.0745536    2.31957
 1.21159 0.159862
0.159862  2.60528
   0.556755 -0.00925812
-0.00925812    0.793154
 0.540675 0.0243116
0.0243116  0.764714
0.340062 0.120983
0.120983 0.676963
  1.29208 0.0416188
0.0416188   2.58988
    1.1572 -0.0345316
-0.0345316    2.46079
   1.29787 0.00681358
0.00681358     1.7165
  1.27356 0.0224129
0.0224129   1.70093
-2.09286 0.410134
0.410134 0.239283
-1.88704  0.38703
 0.38703 0.441037
 -1.87502 -0.415382
-0.415382  0.454416
  -2.0902 -0.401184
-0.401184  0.367287
0.297135 0.042307
0.042307  2.05764
0.0486121 0.0271131
0.0271131   1.88247
 0.363114 -0.029612
-0.029612   2.09496
  0.311455 -0.0845589
-0.0845589    1.91651
 -0.506763 -0.0461152
-0.0461152   0.712173
 0.331329 -0.288329
-0.288329   2.32755
 0.426632 -0.382198
-0.382198   2.36646
0.265151 0.325168
0.325168  2.21489
0.499617 0.144924
0.144924  2.44686
0.100023 0.092783
0.092783 0.313431
 -0.513436 -0.0315821
-0.0315821   0.295083
-0.614584 0.0661177
0.0661177  0.169069
  0.202485 -0.0401515
-0.0401515   0.835435
-0.191663 -0.153186
-0.153186  0.650483
-0.246043   0.14181
  0.14181  0.563981
0.165589 0.142454
0.142454 0.840679
 0.250594 0.0985018
0.0985018  0.942256
   0.6195 -0.019269
-0.019269   1.30845
 0.378092 0.0217206
0.0217206   1.15486
 -0.11961 -0.198442
-0.198442   0.80729
  0.391831 -0.0541468
-0.0541468    1.16643
   1.04132 -0.0118766
-0.0118766    2.33341
  1.52454 -0.163301
-0.163301   4.73867
  1.88836 0.0459313
0.0459313   4.77575
  1.34237 0.0631528
0.0631528   2.63122
 -3.06405 0.0223078
0.0223078 -0.612004
  -2.90505 0.00760496
0.00760496  -0.548036
 1.55186 0.146146
0.146146  4.71561
    1.84351 -0.00941577
-0.00941577     4.57172
-0.326543 -0.017486
-0.017486  0.322218
-1.30131 0.131286
0.131286 0.463748
-1.28729 0.262868
0.262868 0.628945
   1.28128 -0.0866477
-0.0866477    2.61908
 -1.28232 -0.155916
-0.155916  0.517331
  1.45087 -0.205768
-0.205768    5.0465
1.38266 0.19796
0.19796 4.36143
  0.983664 -0.0188532
-0.0188532     1.3941
 -1.37704 -0.129545
-0.129545  0.677536
 -2.54432 0.0310774
0.0310774 -0.140524
  -2.60114 0.00473519
0.00473519 -0.0867206
  -2.68249 0.00258577
0.00258577  -0.184528
 -2.92591 0.0188878
0.0188878 -0.113443
  0.797365 -0.0555798
-0.0555798    2.14763
0.702851 0.129244
0.129244   2.0165
 0.705914 0.0535786
0.0535786   2.04362
  0.755831 -0.0946732
-0.0946732    2.05719
  1.57775 -0.103001
-0.103001   5.66798
 -2.66521 -0.565549
-0.565549  0.659969
 -2.67395 -0.614746
-0.614746  0.727398
-2.71294 0.593172
0.593172 0.597661
 1.63784 0.123113
0.123113  5.64807
  1.50746 -0.165683
-0.165683   5.52725
-2.61884 0.503713
0.503713 0.596229
  1.64425 0.0329565
0.0329565   5.74827
 0.732326 0.0208947
0.0208947  0.951006
-0.555623  0.050731
 0.050731  0.495984
 -0.374663 -0.0891311
-0.0891311   0.616634
 0.283757 0.0151334
0.0151334  0.506945
  0.340536 -0.0555378
-0.0555378   0.602136
 0.683954 -0.184836
-0.184836    1.2348
-0.610434  0.109501
 0.109501  0.254101
 -0.635234 -0.0815015
-0.0815015   0.279967
 0.0410269 -0.0224333
-0.0224333   0.411138
  0.226473 -0.0168254
-0.0168254   0.503454
0.423174 0.030798
0.030798  2.14236
  0.328644 -0.0552611
-0.0552611    1.96562
 0.252344 0.0843359
0.0843359   1.93045
  0.256135 -0.0368148
-0.0368148    1.99746
 -2.14726 -0.402234
-0.402234  0.238374
 -1.8428 0.424579
0.424579 0.448602
-2.17182 0.392807
0.392807 0.165764
 -2.07963 -0.417171
-0.417171  0.370009
  1.05774 -0.148469
-0.148469   2.66383
0.280745 0.359039
0.359039  2.20099
 0.63503 0.140251
0.140251  2.58038
 0.442109 -0.152518
-0.152518   2.44474
 0.543502 -0.170018
-0.170018   2.54897
   0.82312 -0.0397747
-0.0397747    1.00767
 0.622087 0.0191417
0.0191417   1.11019
0.732128 0.010927
0.010927  1.15317
 -0.219286 -0.0381038
-0.0381038   0.781915
  0.177681 -0.0184927
-0.0184927   0.841333
 0.141782 -0.019986
-0.019986  0.816191
 0.159337 0.0163203
0.0163203   0.81663
   0.0795146 -0.000501621
-0.000501621     0.741187
0.0817166 0.0111517
0.0111517  0.756112
 0.0934785 -0.0083708
-0.0083708   0.757045
 0.165208 0.0201566
0.0201566  0.802344
   0.100048 -0.00133898
-0.00133898    0.757824
-0.0301001 0.00636772
0.00636772   0.559909
  -0.157992 0.000353874
0.000353874     0.17488
-0.00391907    0.003249
   0.003249    0.721105
   0.551094 -0.00454705
-0.00454705    0.973818
   0.462748 -0.00675254
-0.00675254    0.910814
   0.581861 -0.00207438
-0.00207438    0.994182
-0.0523117 -0.0396102
-0.0396102   0.318114
  -0.144828 -0.00413453
-0.00413453    0.202795
 -0.062027 -0.0088486
-0.0088486   0.519085
  0.350246 -0.0238613
-0.0238613   0.857188
  0.104368 -0.0137478
-0.0137478   0.666793
  0.333918 -0.0317372
-0.0317372   0.829481
-0.0109656  0.0348129
 0.0348129    0.33233
-0.0672242 -0.0339191
-0.0339191   0.297904
  0.198418 0.00181795
0.00181795   0.886494
 0.325205 0.0194038
0.0194038  0.808952
-0.0718778  0.0369535
 0.0369535   0.272188
  0.445212 0.00254845
0.00254845   0.868636
-0.0555928  0.0116371
 0.0116371   0.516493
  0.519947 0.00429982
0.00429982   0.944898
   0.458145 -0.00543049
-0.00543049    0.906222
 0.086934 0.0121401
0.0121401  0.639841
  0.0953679 -0.00588266
-0.00588266    0.659393
 0.361183 0.0207432
0.0207432  0.859109
  0.085521 0.00543148
0.00543148    0.63723
 0.313648 0.0568548
0.0568548   0.76305
  0.300596 -0.0513093
-0.0513093    0.75914
 0.0857268 -0.0278281
-0.0278281   0.504384
 0.112299 0.0307328
0.0307328   0.53654
 0.301933 0.0511682
0.0511682  0.755613
 0.101939 0.0338917
0.0338917  0.515499
  0.325849 -0.0503012
-0.0503012   0.780582
  0.112038 -0.0270297
-0.0270297   0.528964
  0.0314736 -0.00416921
-0.00416921    0.784013
   0.2969 0.0136516
0.0136516  0.916714
   0.290084 9.37418e-05
9.37418e-05    0.887053
  0.247256 0.00312508
0.00312508   0.852639
 0.0885297 0.00592481
0.00592481    0.84285
   0.0864882 -0.000346806
-0.000346806     0.838783
0.0561922  0.023327
 0.023327   0.76004
  0.293549 -0.0117521
-0.0117521   0.908319
   0.164485 0.000201101
0.000201101    0.894731
  0.167342 0.00295099
0.00295099   0.897614
 0.277106 0.0489576
0.0489576  0.786462
  0.179084 0.00710938
0.00710938   0.734009
   0.176257 8.07977e-05
8.07977e-05    0.740415
   0.222677 -0.00609783
-0.00609783    0.767378
  0.299219 -0.0464023
-0.0464023   0.810236
  0.283224 -0.0467767
-0.0467767   0.798256
   0.194162 -0.00159955
-0.00159955    0.751677
 0.301835 0.0458334
0.0458334  0.798861
0.00663874  0.0139411
 0.0139411   0.547555
  0.144672 -0.0232923
-0.0232923    0.66409
 0.110044 -0.014546
-0.014546  0.640146
 0.121412 0.0141643
0.0141643  0.649863
 0.126384 0.0110984
0.0110984  0.652534
0.00823745 0.00770071
0.00770071   0.766128
   0.0269108 -0.000375012
-0.000375012     0.726443
   0.017506 -0.00337104
-0.00337104     0.70668
  0.160059 0.00165125
0.00165125    0.80442
  0.171259 -0.0877445
-0.0877445   0.899955
 0.625686 0.0393892
0.0393892   1.34375
  0.11744 0.0743858
0.0743858  0.823284
-0.224208 -0.183801
-0.183801  0.638065
 0.222893 -0.130198
-0.130198  0.975141
0.288712 0.128036
0.128036  1.04837
0.0160874 0.0922603
0.0922603  0.764462
  0.19148 0.0973002
0.0973002    0.9774
 -0.530425 -0.0780477
-0.0780477   0.350179
 -2.96421  0.033584
 0.033584 -0.555948
  2.01331 0.0306798
0.0306798   4.93309
  0.159402 -0.0174411
-0.0174411   0.535641
 -2.73132 0.0163424
0.0163424 -0.508089
  -2.72963 -0.0129422
-0.0129422 -0.0913295
  -0.45189 -0.0735307
-0.0735307   0.536955
 1.48454 0.179169
0.179169  4.55949
 1.86409 0.025624
0.025624  4.69423
0.702446 0.066502
0.066502   1.9386
-1.32125 0.220239
0.220239  0.55671
0.615997 0.170805
0.170805  1.96753
  -2.48997  0.0130965
 0.0130965 -0.0646939
   -2.99932 -0.00328234
-0.00328234   0.0100235
  0.538789 -0.0231939
-0.0231939    1.98174
  0.427175 -0.0170969
-0.0170969   0.863027
  1.51635 -0.149246
-0.149246    4.5753
 1.36589 0.155676
0.155676  4.42285
  -2.9773 0.0175319
0.0175319 -0.186591
  1.58349 -0.164833
-0.164833   4.92679
-0.501508 0.0347361
0.0347361  0.519135
 -1.43723 -0.191348
-0.191348  0.471439
   0.73128 -0.0609593
-0.0609593     1.9997
 -1.53709 -0.140587
-0.140587  0.349842
-1.39888 0.149897
0.149897 0.401785
-2.61366 0.502395
0.502395 0.671363
 1.58972 0.039463
0.039463  5.72662
  1.59761 -0.110437
-0.110437   5.61678
 -2.71395 -0.576177
-0.576177  0.613532
 -2.66169 -0.495068
-0.495068  0.570041
   1.65071 -0.0194353
-0.0194353    5.77029
 -2.5591 0.474788
0.474788  0.68261
  1.46844 0.0212504
0.0212504   5.72581
  0.548114 -0.0206293
-0.0206293    0.72318
   1.27746 -0.0429387
-0.0429387    2.56736
  1.19748 -0.160244
-0.160244   2.58653
   1.0052 0.0658462
0.0658462   2.30642
  0.526324 0.00952975
0.00952975   0.730852
  0.566355 -0.0280465
-0.0280465   0.787868
 0.362748 -0.125373
-0.125373  0.694336
  1.17697 0.0363799
0.0363799   2.48564
    1.32925 -0.00607702
-0.00607702     1.73419
   1.26277 -0.0304327
-0.0304327    1.68442
-2.08958 0.397615
0.397615 0.363478
 0.172615 -0.061082
-0.061082   1.97013
 -2.08847 -0.402324
-0.402324  0.252121
 -1.89152 -0.389139
-0.389139  0.441456
 0.322861 0.0851363
0.0851363   1.95856
 0.346313 0.0404446
0.0404446     2.081
-1.93551 0.413187
0.413187 0.412095
 0.0857409 -0.0415683
-0.0415683    1.94313
-0.516984 0.0468378
0.0468378  0.706232
 0.462306 -0.141933
-0.141933   2.42446
 0.250942 -0.324291
-0.324291   2.21039
0.394714 0.373635
0.373635  2.34304
0.367897 0.313562
0.313562  2.34185
  0.091565 -0.0988344
-0.0988344   0.297511
 -0.621969 -0.0632924
-0.0632924   0.154976
-0.499752 0.0272872
0.0272872  0.300843
 0.188774 0.0384993
0.0384993  0.810788
   0.103191 -0.00259062
-0.00259062    0.782527
   0.0945139 -0.000167178
-0.000167178     0.755031
0.0705259 0.0166003
0.0166003  0.744938
  0.182161 -0.0225393
-0.0225393   0.837963
 0.119494 0.0170432
0.0170432  0.780921
  0.104769 -0.0195864
-0.0195864    0.77962
  0.133437 0.00175049
0.00175049   0.796036
 0.105255 0.0116927
0.0116927  0.766276
   0.280606 -0.00494278
-0.00494278    0.894828
   0.551035 -0.00671236
-0.00671236    0.980184
  0.532671 0.00161658
0.00161658   0.964337
  -0.141589 -0.00548156
-0.00548156    0.199718
  0.141082 0.00339638
0.00339638   0.863677
 -0.146208 0.00492114
0.00492114    0.19721
  0.097385 -0.0105155
-0.0105155   0.666772
   0.134924 -0.00483283
-0.00483283    0.676188
  0.0548966 0.000536818
0.000536818    0.758469
   0.51609 0.00609349
0.00609349   0.928637
   0.403959 -0.00791854
-0.00791854    0.861314
   0.47595 -0.0060934
-0.0060934   0.878638
   0.51135 0.00717818
0.00717818   0.934228
0.0990161 0.0202251
0.0202251  0.650016
  0.269138 0.00261133
0.00261133   0.875672
    0.29854 0.000200399
0.000200399    0.901275
 0.0805593 0.00415771
0.00415771   0.635155
-0.0965483  0.0373803
 0.0373803   0.251325
-0.0337872  -0.036528
 -0.036528   0.321665
-0.0961826  -0.034417
 -0.034417   0.255329
-0.0707297  0.0401827
 0.0401827   0.304587
 0.357139 0.0267603
0.0267603  0.843574
 0.364129 0.0230793
0.0230793  0.873628
  0.366883 -0.0276518
-0.0276518   0.863629
  0.359545 -0.0243649
-0.0243649   0.859774
  0.328403 -0.0538497
-0.0538497   0.794438
  0.107365 -0.0293072
-0.0293072   0.524627
 0.107282 0.0237549
0.0237549  0.517727
 0.326853 0.0483889
0.0483889  0.790835
 0.328077 0.0553984
0.0553984  0.782023
 0.108379 0.0317569
0.0317569   0.52889
 0.291447 -0.050754
-0.050754   0.75577
 0.0974525 -0.0290992
-0.0290992   0.516669
  0.082314 0.00481772
0.00481772   0.834887
0.00664196 0.00935896
0.00935896   0.591066
-0.0251767 -0.0216345
-0.0216345   0.544962
 0.0508244 0.00187436
0.00187436   0.797156
 0.0736207 -0.0016533
-0.0016533   0.830411
   0.12606 -0.0203153
-0.0203153   0.840851
-0.0584606 -0.0101184
-0.0101184   0.518382
-0.0258446 0.00481443
0.00481443   0.560246
-0.0374741 0.00436894
0.00436894    0.67986
 -0.0514602 -0.00187184
-0.00187184    0.669731
  0.311402 -0.0481212
-0.0481212   0.826747
  0.286463 -0.0463264
-0.0463264   0.796147
 0.316517 0.0445541
0.0445541  0.830473
 0.301913 0.0503964
0.0503964  0.817003
  0.222798 0.00386427
0.00386427   0.778158
   0.22214 0.00497973
0.00497973    0.77526
   0.219612 -0.00830043
-0.00830043    0.778929
   0.185755 1.23789e-05
1.23789e-05    0.750441
   0.270988 -0.00329432
-0.00329432    0.842315
 0.135689 0.0277006
0.0277006  0.668373
  0.123438 -0.0154015
-0.0154015   0.652242
 0.125855 0.0174937
0.0174937  0.649168
  0.142606 -0.0263333
-0.0263333   0.671711
   0.133988 -0.00662384
-0.00662384    0.884995
 0.231813 0.0044482
0.0044482  0.894095
   0.235032 -0.00949926
-0.00949926    0.899032
 0.0993511 0.00254032
0.00254032   0.757697
 0.159314 0.0149003
0.0149003  0.828802
  0.190962 -0.0217162
-0.0217162   0.851384
  0.126864 -0.0219146
-0.0219146   0.809196
  0.0872961 0.000429837
0.000429837    0.762014
  0.106542 -0.0127886
-0.0127886   0.779529
0.0998467 0.0115799
0.0115799  0.769215
 0.167595 0.0234344
0.0234344  0.810872
   0.123013 -0.00253943
-0.00253943    0.784887
-0.0292548 0.00434616
0.00434616   0.554755
  -0.149462 -0.00653443
-0.00653443    0.200786
 -0.142571 0.00497654
0.00497654   0.200936
 0.0135783 0.00458797
0.00458797   0.730821
-0.0468404 -0.0103273
-0.0103273   0.540075
   0.494027 -0.00104382
-0.00104382    0.941662
    0.532393 -0.000144688
-0.000144688     0.966238
  0.354508 -0.0266702
-0.0266702   0.869551
  0.362127 -0.0309472
-0.0309472   0.848251
-0.0508139  0.0106565
 0.0106565   0.521662
-0.0328555 -0.0435969
-0.0435969   0.359061
-0.0833705  0.0373876
 0.0373876   0.254803
-0.00267793   0.0384504
  0.0384504    0.351932
-0.0895952 -0.0358108
-0.0358108   0.255536
   0.196382 0.000850666
0.000850666    0.880237
  0.37308 0.0201483
0.0201483  0.869059
 0.325851 0.0232155
0.0232155  0.816533
    0.514534 -0.000175043
-0.000175043     0.952492
  0.518951 -0.0143286
-0.0143286   0.946351
   0.522862 -0.00842532
-0.00842532    0.943158
  0.478912 0.00629834
0.00629834    0.89222
 0.100143 0.0108126
0.0108126  0.667234
 0.0800501 0.00870814
0.00870814   0.633837
 0.0940984 -0.0166385
-0.0166385   0.648001
 0.0900572 -0.0100852
-0.0100852   0.641744
 0.303751 0.0478996
0.0478996  0.763626
 0.319984 0.0553276
0.0553276  0.776005
  0.329595 -0.0578391
-0.0578391   0.785985
 0.0769528 -0.0305251
-0.0305251   0.492349
 0.109276 0.0264798
0.0264798  0.529705
0.0937392 0.0306359
0.0306359  0.508414
  0.301819 -0.0519762
-0.0519762   0.773813
  0.102684 -0.0293676
-0.0293676   0.520776
  0.0319341 -0.00864696
-0.00864696    0.779327
  0.287319 0.00646008
0.00646008   0.887125
   0.256802 -0.00237746
-0.00237746    0.852446
 0.0771363 0.00283342
0.00283342   0.828836
  0.0864824 0.000322791
0.000322791    0.820478
0.0538889  0.020862
 0.020862  0.750103
   0.271238 -0.00705492
-0.00705492    0.888453
  0.302354 0.00745156
0.00745156   0.914366
   0.180979 -0.00191519
-0.00191519    0.903732
   0.187023 -0.00310056
-0.00310056    0.903333
  0.168891 0.00412996
0.00412996   0.736433
   0.202758 -0.00268438
-0.00268438    0.761635
   0.171273 -0.00354083
-0.00354083    0.745493
   0.228399 -0.00575565
-0.00575565    0.786487
  0.296226 -0.0526426
-0.0526426   0.820722
  0.303521 -0.0469981
-0.0469981    0.81643
 0.297647 0.0434912
0.0434912  0.807932
 0.294379 0.0477582
0.0477582  0.802823
0.015947 0.018026
0.018026 0.562268
  0.130845 -0.0259268
-0.0259268   0.657961
  0.114972 -0.0198029
-0.0198029   0.655703
 0.123608 0.0113335
0.0113335  0.648915
 0.129474 0.0170927
0.0170927  0.666564
 0.0184845 0.00402729
0.00402729   0.774347
0.0179977 0.0012461
0.0012461  0.703227
  0.0231969 -0.00634263
-0.00634263    0.697641
  0.182614 0.00404164
0.00404164   0.821203
-0.170776 -0.150555
-0.150555  0.665117
-0.272083  0.149049
 0.149049  0.541039
0.172118 0.144464
0.144464  0.85559
0.263249 0.094179
0.094179 0.964321
  0.39098 0.0110099
0.0110099   1.15999
  0.600738 -0.0215079
-0.0215079    1.29365
-0.0813979  -0.193512
 -0.193512   0.839518
  0.366019 -0.0599116
-0.0599116    1.15077
    1.01469 -0.00736275
-0.00736275     2.32293
     1.80384 -0.000312753
-0.000312753      4.51733
  1.83452 0.0444607
0.0444607   4.69485
  0.985447 -0.0285977
-0.0285977    1.39925
 -3.09675 0.0290736
0.0290736 -0.629569
   -2.9725 0.00606737
0.00606737  -0.592759
-1.29826 0.137419
0.137419 0.460574
-1.30101 0.261718
0.261718 0.625247
   1.28056 -0.0890649
-0.0890649    2.62524
  1.32382 0.0684084
0.0684084   2.61044
 1.50311 0.150314
0.150314  4.64284
  1.56135 -0.162039
-0.162039   4.80652
  1.47576 -0.204826
-0.204826   5.09734
 1.40922 0.198715
0.198715  4.40697
  -0.36019 -0.0158301
-0.0158301    0.29882
 -1.30935 -0.151548
-0.151548  0.502417
 -1.37185 -0.130524
-0.130524  0.681434
   -2.62422 -0.00395021
-0.00395021   -0.150587
  -2.88586  0.0193999
 0.0193999 -0.0912616
  -2.6575 0.0263739
0.0263739 -0.207011
   -2.54762 0.000748895
0.000748895  -0.0449204
  0.762044 -0.0946004
-0.0946004    2.08826
 0.685574 0.0550702
0.0550702   2.02026
  0.793267 -0.0550419
-0.0550419    2.14052
0.699753 0.125405
0.125405  2.00009
 -2.73956 -0.606665
-0.606665   0.70088
 -2.7312 0.583595
0.583595 0.585617
 1.64904 0.110356
0.110356  5.67016
   1.57055 -0.0934132
-0.0934132    5.65796
 -2.71134 -0.558348
-0.558348  0.641157
  1.47832 -0.156188
-0.156188   5.49254
-2.66555 0.494206
0.494206 0.571803
  1.62548 0.0225068
0.0225068   5.71477
0.732526 0.013308
0.013308 0.962218
-0.56126 0.053775
0.053775 0.487035
 -0.359442 -0.0922619
-0.0922619   0.634046
 0.325035 -0.063591
-0.063591  0.576177
 0.252612 0.0107922
0.0107922  0.484796
  0.68317 -0.193149
-0.193149   1.24639
-0.645377  0.109188
 0.109188  0.234747
 -0.631072 -0.0930278
-0.0930278   0.269018
 0.0670246 -0.0247978
-0.0247978   0.424889
  0.216423 -0.0259413
-0.0259413   0.503919
 0.269627 0.0865077
0.0865077   1.96789
0.422068 0.037119
0.037119  2.16803
  0.272436 -0.0422996
-0.0422996    2.02747
  0.356745 -0.0615691
-0.0615691    1.99408
-1.82287 0.419657
0.419657 0.454727
-2.14401 0.391884
0.391884 0.186461
   -2.133 -0.396131
-0.396131  0.249519
 -2.06536 -0.413095
-0.413095  0.381256
 1.02752 -0.15189
-0.15189  2.63832
 0.25255 0.348782
0.348782  2.17432
 0.60195 0.146998
0.146998  2.54748
 0.520648 -0.162373
-0.162373   2.53089
 0.407347 -0.138776
-0.138776   2.41629
  0.793058 -0.0435398
-0.0435398   0.984812
  0.703185 0.00910621
0.00910621    1.13632
0.604836 0.015664
0.015664  1.07132
 -0.243979 -0.0414123
-0.0414123   0.783315
  0.076692 -0.0151886
-0.0151886   0.754781
 0.261383 0.0138395
0.0138395  0.871502
  0.0907164 -0.00164031
-0.00164031    0.756108
0.0639259 0.0108123
0.0108123  0.736661
   0.106398 2.21005e-05
2.21005e-05    0.776813
 0.160855 0.0154388
0.0154388  0.831906
  0.188252 -0.0240082
-0.0240082   0.841305
0.113213  0.01738
 0.01738 0.778282
 0.0996804 -0.0191653
-0.0191653   0.763144
  0.236978 -0.0107958
-0.0107958   0.844074
   -0.14382 0.000448582
0.000448582    0.210912
  0.582772 0.00581616
0.00581616   0.991449
  -0.137156 -0.00102189
-0.00102189     0.20594
  0.143611 0.00243509
0.00243509   0.874315
   0.553304 -0.00555328
-0.00555328     0.98029
   0.438089 -0.00870177
-0.00870177    0.879033
  0.287882 0.00186389
0.00186389    0.89544
 0.0910239 -0.0106291
-0.0106291   0.655647
 0.344707 -0.030785
-0.030785  0.839925
-0.0926788 -0.0381674
-0.0381674   0.257637
-0.0669593   0.036927
  0.036927   0.275746
 0.377305 0.0224841
0.0224841  0.885309
  0.452286 0.00644663
0.00644663   0.880742
 0.153902 0.0208463
0.0208463  0.688936
   0.043175 0.000859139
0.000859139    0.751369
   0.441407 -0.00366056
-0.00366056    0.865283
-0.0952339  0.0349718
 0.0349718   0.257451
-0.0246933 -0.0354401
-0.0354401   0.336927
  0.495144 0.00607855
0.00607855   0.910855
  0.301734 0.00133619
0.00133619   0.904389
0.344774 0.028893
0.028893  0.83646
 0.0848145 0.00524922
0.00524922   0.639956
  0.128525 -0.0192618
-0.0192618   0.672702
  0.371488 -0.0212129
-0.0212129   0.871833
-0.0291691  0.0174262
 0.0174262   0.553286
  0.308465 -0.0506787
-0.0506787   0.772515
  0.116214 -0.0292932
-0.0292932   0.537055
0.134944 0.030649
0.030649 0.562844
 0.315843 0.0500804
0.0500804  0.770574
 0.327245 0.0511936
0.0511936  0.782936
 0.112728 0.0278054
0.0278054  0.529687
  0.305834 -0.0479395
-0.0479395   0.761118
 0.0950907 -0.0248275
-0.0248275   0.509622
 0.120432 0.0115356
0.0115356  0.861232
-0.0314224 0.00541448
0.00541448   0.547327
-0.0294861 -0.0202368
-0.0202368   0.543746
 0.0622246 0.00040356
0.00040356   0.812983
 0.0819909 0.00162536
0.00162536   0.832675
 -0.0479999 -0.00917478
-0.00917478     0.53569
-0.0392106 0.00264631
0.00264631   0.679265
  -0.0448549 -0.000581167
-0.000581167      0.66647
  0.221378 0.00447268
0.00447268   0.766161
  0.278974 -0.0445436
-0.0445436   0.787271
  0.235867 -0.0022414
-0.0022414   0.789135
 0.300259 0.0480416
0.0480416  0.813093
  0.301607 -0.0483332
-0.0483332   0.815353
  0.223998 0.00318289
0.00318289   0.775367
 0.306847 0.0440549
0.0440549  0.812627
      0.174 -0.00166857
-0.00166857     0.72898
 0.134759 -0.021921
-0.021921   0.65827
 0.138487 0.0204345
0.0204345  0.658214
  0.137291 -0.0186949
-0.0186949   0.662734
 0.143312 0.0132278
0.0132278   0.66297
    0.13049 -0.00887888
-0.00887888    0.880262
  0.225578 0.00333448
0.00333448   0.884023
   0.228577 -0.00795018
-0.00795018    0.895572
 0.579109 0.0574096
0.0574096   1.20671
  -0.45573 -0.0921346
-0.0921346     0.4566
0.0983917 -0.067421
-0.067421  0.843854
 0.109794 0.0674358
0.0674358  0.854111
  0.667245 -0.0238497
-0.0238497    1.34025
   -0.244 -0.171806
-0.171806  0.472303
-0.248702  0.186862
 0.186862  0.573181
0.258532  0.11183
 0.11183  1.04861
 0.262152 -0.112315
-0.112315   1.05654
-0.42078 0.104945
0.104945 0.545223
    -2.6945 -0.00261323
-0.00261323   -0.501558
    1.95452 -0.00821065
-0.00821065     4.75479
 -3.27766 -0.016394
-0.016394  -0.62751
    1.87776 -0.00952919
-0.00952919      4.7025
  0.115822 0.00556004
0.00556004   0.469549
 0.738783 0.0659509
0.0659509   1.98523
   0.44033 0.00274828
0.00274828   0.866322
 -2.77373 0.0216542
0.0216542 -0.132257
  0.733281 -0.0589622
-0.0589622     1.9463
   -2.80511 -0.00265267
-0.00265267   -0.148989
  1.47204 -0.167385
-0.167385   4.69749
 -1.52208 -0.146434
-0.146434  0.239201
   -2.4789 -0.0822193
-0.0822193   0.091001
 0.458757 -0.167472
-0.167472   2.09045
 -0.437663 -0.0500919
-0.0500919   0.556424
-0.413393 0.0540167
0.0540167  0.554307
1.47418 0.17306
0.17306 4.50934
  -2.66654  0.0406621
 0.0406621 -0.0229432
  1.49895 -0.177091
-0.177091   4.58173
 1.52899 0.174875
0.174875  4.83112
 -1.34956 -0.219993
-0.219993  0.548316
-1.35123 0.220728
0.220728 0.569373
0.557314 0.184859
0.184859  1.99713
-1.53563 0.148447
0.148447 0.322787
  1.26457 -0.140896
-0.140896   2.51775
-2.65656 0.512199
0.512199 0.598531
  1.64505 0.0396393
0.0396393   5.74811
   1.56364 -0.0745464
-0.0745464    5.64869
 -2.59951 -0.532424
-0.532424  0.654292
 -2.64514 -0.520752
-0.520752  0.640268
   1.60696 -0.0557877
-0.0557877    5.68745
-2.60661 0.566338
0.566338 0.663283
 1.60056 0.107744
0.107744    5.628
  0.225011 -0.0618985
-0.0618985   0.527437
 1.25541 0.154419
0.154419   2.6062
  0.517961 0.00828262
0.00828262    0.75559
   0.504399 -0.00177148
-0.00177148    0.756363
   1.19618 -0.0495047
-0.0495047    2.51478
  1.24955 0.0445543
0.0445543   2.56964
   1.24567 0.00237966
0.00237966    1.69807
  1.20341 0.0114386
0.0114386   1.67401
-1.86159 0.408864
0.408864 0.466541
  0.21415 0.0942775
0.0942775   1.87959
-2.06155 0.408764
0.408764 0.276781
-1.88472 -0.41303
-0.41303 0.448647
 0.277768 0.0504932
0.0504932   2.03241
  0.324162 -0.0366312
-0.0366312    2.06862
 -2.14048 -0.389937
-0.389937  0.214835
 0.307595 -0.095235
-0.095235   1.91372
0.294287 0.316863
0.316863  2.27165
0.463859 0.166513
0.166513  2.42012
 0.341022 -0.282733
-0.282733   2.33996
 0.472821 -0.211113
-0.211113   2.43233
0.175715 0.070809
0.070809 0.416812
 -0.443139 -0.0376962
-0.0376962   0.361827
-0.568956 0.0491715
0.0491715  0.226538
