-0.000404093  9.21878e-05
 9.21878e-05  0.000539553
-0.000380666  7.11035e-05
 7.11035e-05  0.000429204
-0.000428948  7.65265e-05
 7.65265e-05  0.000461873
-0.000418151 -3.90764e-05
-3.90764e-05  0.000470967
-0.000282642  4.97292e-05
 4.97292e-05  0.000335742
-0.000487521  0.000104606
 0.000104606  0.000541871
-0.00026216 6.73248e-06
6.73248e-06 0.000337731
-0.000437561  0.000145328
 0.000145328   0.00055049
-0.000414815 -1.39168e-05
-1.39168e-05   0.00043926
-0.000314848   3.4858e-05
  3.4858e-05  0.000422701
-0.000393301 -1.75173e-05
-1.75173e-05  0.000438991
-0.000309231  3.64701e-05
 3.64701e-05  0.000374262
-0.000301254 -5.18273e-06
-5.18273e-06  0.000356637
-0.000510338 -3.30593e-05
-3.30593e-05  0.000511033
-0.000342894  2.18104e-05
 2.18104e-05  0.000410421
-0.000717586  -0.00010837
 -0.00010837  0.000657659
-0.000754353 -0.000119675
-0.000119675  0.000667209
-0.000855029 -7.63391e-05
-7.63391e-05   0.00076217
-0.000496568 -0.000122517
-0.000122517  0.000584562
-0.000262865  5.64867e-06
 5.64867e-06  0.000337065
-0.000703942  0.000151854
 0.000151854   0.00090027
-0.000720255  0.000193139
 0.000193139  0.000974854
-0.000653303   0.00017451
  0.00017451  0.000677822
-0.000513485 -0.000113648
-0.000113648  0.000593878
-0.000501961  2.79913e-05
 2.79913e-05  0.000548587
-0.000394328   3.1203e-05
  3.1203e-05  0.000446972
-0.000499667  2.44863e-05
 2.44863e-05  0.000583472
-0.000234808 -1.41822e-06
-1.41822e-06  0.000303794
-0.000416376 -2.81896e-06
-2.81896e-06   0.00045896
-0.000814924  0.000221667
 0.000221667   0.00109064
-0.000268087 -2.50616e-05
-2.50616e-05  0.000320602
-0.000369544 -4.18199e-05
-4.18199e-05  0.000398298
-0.000692958  0.000262463
 0.000262463  0.000711969
-0.000383631  6.90485e-05
 6.90485e-05  0.000513566
-0.000514816  0.000115267
 0.000115267  0.000681263
-0.000230757  4.49957e-06
 4.49957e-06  0.000296673
-0.000224219  4.16356e-06
 4.16356e-06  0.000290808
-0.000596162  1.56749e-05
 1.56749e-05  0.000699615
-0.000675043  6.10439e-05
 6.10439e-05  0.000869234
-0.000966219  0.000292691
 0.000292691  0.000925003
-0.00101362 9.06786e-05
9.06786e-05  0.00137643
-0.000537529    3.394e-06
   3.394e-06  0.000572994
-0.00071501 -4.5988e-05
-4.5988e-05  0.00065171
-0.00037899 7.99356e-05
7.99356e-05 0.000407491
-0.000257495  6.88906e-06
 6.88906e-06  0.000320212
-0.000333596   -4.444e-06
  -4.444e-06  0.000390148
-0.000358093  6.11714e-05
 6.11714e-05  0.000404443
-0.000531919  0.000113183
 0.000113183  0.000682296
-0.000332749  -7.9457e-06
 -7.9457e-06  0.000388795
-0.000307667  3.20258e-05
 3.20258e-05  0.000368325
-0.000399185  0.000101501
 0.000101501  0.000547362
-0.000774119  0.000300511
 0.000300511  0.000735294
-0.00055513 6.31915e-05
6.31915e-05 0.000659333
-0.000230368 -2.91747e-06
-2.91747e-06  0.000298008
-0.000492835 -4.71909e-05
-4.71909e-05   0.00051579
-0.000235695  2.03066e-05
 2.03066e-05  0.000308906
-0.000558617 -6.92987e-05
-6.92987e-05  0.000647822
-0.000533679 -4.89367e-05
-4.89367e-05  0.000616965
-0.00069259 0.000110741
0.000110741 0.000728655
-0.00061027 0.000193423
0.000193423 0.000773621
-0.000554341  7.00553e-05
 7.00553e-05  0.000713406
-0.000543742 -2.81182e-05
-2.81182e-05  0.000528231
-0.00023038  1.1222e-05
 1.1222e-05 0.000295308
-0.000318606  2.94679e-05
 2.94679e-05  0.000420765
-0.000492662  0.000141237
 0.000141237  0.000538267
-0.000316828 -2.58776e-05
-2.58776e-05  0.000361055
-0.00104046 9.75895e-05
9.75895e-05  0.00195143
-0.00127881 0.000157396
0.000157396  0.00221789
 -0.00105412 -0.000202249
-0.000202249   0.00188261
-0.000967232  1.35841e-05
 1.35841e-05   0.00188773
-0.00129022 7.10699e-05
7.10699e-05  0.00231713
 -0.00102195 -5.10732e-05
-5.10732e-05   0.00185032
 -0.00124415 -0.000173026
-0.000173026   0.00218461
 -0.00123629 -0.000133005
-0.000133005   0.00225267
-0.00111278  -0.0001527
 -0.0001527  0.00206727
-0.00086127 0.000266282
0.000266282  0.00179212
-0.00141597 1.29286e-05
1.29286e-05  0.00238679
-0.00108449 0.000148135
0.000148135  0.00213752
-0.000717586 -0.000279432
-0.000279432   0.00186173
-0.000754353  -0.00034435
 -0.00034435   0.00186263
 -0.00103145 -0.000331363
-0.000331363   0.00193428
-0.000855029 -0.000254729
-0.000254729   0.00179253
-0.000730554  0.000275752
 0.000275752   0.00189128
-0.000758884   0.00034808
  0.00034808   0.00186962
-0.00122021 0.000182001
0.000182001  0.00215227
-0.000267778  1.82144e-06
 1.82144e-06  0.000749143
 -0.00102756 -0.000387836
-0.000387836   0.00193789
-0.00107752  0.00032645
 0.00032645  0.00195085
-0.00105426 9.43543e-05
9.43543e-05  0.00196055
-0.00106358 0.000353839
0.000353839  0.00196453
-0.00121711 3.57514e-05
3.57514e-05  0.00215758
 -0.00127987 -3.40318e-05
-3.40318e-05   0.00224475
 -0.0013095 1.99016e-05
1.99016e-05    0.002291
-0.000279163  0.000145827
 0.000145827  0.000768198
-0.000294798 -0.000163253
-0.000163253  0.000777143
-0.000392875  6.54789e-05
 6.54789e-05   0.00138463
 -0.00134312 -5.23728e-05
-5.23728e-05   0.00238561
-0.000379953 -0.000118128
-0.000118128   0.00135224
-0.00136034 5.50254e-05
5.50254e-05  0.00238922
-0.000959573 -0.000242249
-0.000242249    0.0016953
-0.000498503 -0.000186048
-0.000186048   0.00112183
 -0.00071501 -0.000130158
-0.000130158   0.00191028
 -0.00105876 -3.44947e-05
-3.44947e-05   0.00206271
-0.00107703  1.7819e-05
 1.7819e-05  0.00205145
-0.000715673  0.000132989
 0.000132989   0.00192043
-0.000966219  0.000245025
 0.000245025   0.00169375
-0.000499644    0.0002079
   0.0002079   0.00115292
 -0.00127741 -0.000104424
-0.000104424   0.00217413
 -0.00142263 -5.52444e-05
-5.52444e-05   0.00238645
-0.000727684   0.00010913
  0.00010913   0.00138501
-0.00118575 8.23068e-05
8.23068e-05  0.00209867
-0.00133367 0.000114729
0.000114729  0.00227814
 -0.00130674 -0.000124446
-0.000124446   0.00227309
-0.00141482 5.92679e-05
5.92679e-05  0.00238904
-0.000736794  7.82862e-05
 7.82862e-05   0.00139491
-0.00107229 -4.8557e-05
-4.8557e-05  0.00182591
  -0.0014231 -5.97787e-06
-5.97787e-06   0.00238479
-0.00116197 0.000108379
0.000108379   0.0021906
 -0.00115295 -0.000143828
-0.000143828    0.0021683
-0.000541669   0.00019596
  0.00019596   0.00153184
-0.000556035 -0.000190129
-0.000190129   0.00152895
-0.000949754  0.000139455
 0.000139455   0.00197341
-0.000986415 -0.000142814
-0.000142814   0.00198037
  -0.0010295 -0.000202245
-0.000202245   0.00189964
-0.00104982  0.00020097
 0.00020097  0.00191543
 -0.00104628 -0.000193896
-0.000193896   0.00211001
-0.00108435 0.000104699
0.000104699  0.00218411
-0.000842977  6.76798e-05
 6.76798e-05   0.00150972
 -0.00103149 -0.000121389
-0.000121389   0.00214353
-0.000866004 -0.000103259
-0.000103259   0.00150599
 -0.00120237 -8.81216e-05
-8.81216e-05   0.00217765
 -0.00136939 -4.75596e-06
-4.75596e-06   0.00238348
-0.000814445  4.02211e-05
 4.02211e-05   0.00181289
-0.00118804 -0.00024824
-0.00024824  0.00211993
-0.000415316  4.60108e-05
 4.60108e-05  0.000466842
-0.000421483 -7.68216e-05
-7.68216e-05  0.000459506
-0.000284231 -4.76595e-05
-4.76595e-05  0.000332611
-0.000263682 -1.44697e-05
-1.44697e-05  0.000333398
-0.000411834   1.8447e-05
  1.8447e-05    0.0004349
 -0.00043067 -0.000146404
-0.000146404  0.000537319
 -0.00047084 -8.29147e-05
-8.29147e-05  0.000581491
-0.000477049 -0.000114164
-0.000114164  0.000534313
-0.000294449 -2.94463e-05
-2.94463e-05  0.000386248
-0.000730554  0.000110475
 0.000110475  0.000667933
-0.000342894 -6.99551e-06
-6.99551e-06  0.000429354
-0.000300979  2.29025e-06
 2.29025e-06  0.000359847
-0.000758884  0.000120179
 0.000120179  0.000669216
-0.00086127 7.31779e-05
7.31779e-05 0.000769583
-0.000503481 -2.75156e-05
-2.75156e-05  0.000547644
-0.000401176  1.70541e-05
 1.70541e-05  0.000443589
-0.000740657 -0.000188951
-0.000188951   0.00100113
-0.000497655   0.00012352
  0.00012352  0.000585996
-0.000290611 -3.81853e-05
-3.81853e-05  0.000359033
-0.000517023  3.45516e-05
 3.45516e-05   0.00051893
-0.000519858  0.000112775
 0.000112775  0.000598089
-0.000262865    -9.45e-06
   -9.45e-06  0.000329389
-0.000499667 -2.46596e-05
-2.46596e-05  0.000607506
-0.000400071 -3.51449e-05
-3.51449e-05  0.000457779
-0.000414271 -6.42367e-05
-6.42367e-05  0.000515372
-0.000419488  3.92952e-06
 3.92952e-06  0.000462627
 -0.00023734 -2.38026e-06
-2.38026e-06  0.000300386
-0.000808811 -0.000212381
-0.000212381   0.00108161
-0.000686928 -0.000157075
-0.000157075  0.000878812
-0.000269284  1.96534e-05
 1.96534e-05  0.000319528
-0.000698629 -0.000254203
-0.000254203  0.000714893
-0.000369452  4.11602e-05
 4.11602e-05  0.000395288
-0.000653004 -0.000180044
-0.000180044  0.000684492
-0.000715673  4.62076e-05
 4.62076e-05  0.000652945
-0.000538984 -2.06946e-06
-2.06946e-06   0.00057281
 -0.00069651 -6.64995e-05
-6.64995e-05  0.000890489
-0.000231594  2.14249e-06
 2.14249e-06  0.000297498
-0.000230757   2.6773e-06
  2.6773e-06   0.00029773
-0.000959573 -0.000282803
-0.000282803  0.000914411
 -0.00101351 -7.79816e-05
-7.79816e-05     0.001378
-0.000596162 -1.42392e-05
-1.42392e-05   0.00068562
-0.000346849  -0.00010777
 -0.00010777  0.000391405
-0.000255478  -1.0385e-05
 -1.0385e-05  0.000319271
-0.000540236 -0.000130678
-0.000130678  0.000696466
-0.000353608 -7.23147e-05
-7.23147e-05  0.000403527
-0.000329265  1.06307e-05
 1.06307e-05  0.000388375
-0.000372414 -0.000118942
-0.000118942  0.000510812
-0.000329144  7.91605e-06
 7.91605e-06  0.000388264
-0.000525821 -0.000108094
-0.000108094  0.000673659
-0.000301443 -2.81101e-05
-2.81101e-05  0.000362545
-0.000386882  -0.00010204
 -0.00010204   0.00053691
 -0.00070547 -0.000105328
-0.000105328  0.000745204
-0.000771792 -0.000290096
-0.000290096  0.000732771
-0.00049608 4.69603e-05
4.69603e-05 0.000520477
-0.000232536  2.32166e-06
 2.32166e-06  0.000303553
-0.000238974 -1.58664e-05
-1.58664e-05  0.000312406
-0.000562656  7.37117e-05
 7.37117e-05  0.000652579
-0.000531774  4.39301e-05
 4.39301e-05  0.000617912
-0.000549576 -4.45941e-05
-4.45941e-05  0.000657157
-0.000414556 -6.16443e-05
-6.16443e-05  0.000520635
-0.000239487  -1.8531e-05
 -1.8531e-05  0.000299557
-0.00060868 -0.00020395
-0.00020395 0.000765249
-0.000549716 -3.90079e-05
-3.90079e-05  0.000690675
-0.000546888  3.06403e-05
 3.06403e-05  0.000529767
-0.000316541 -2.80305e-05
-2.80305e-05  0.000421833
-0.00031406 2.38007e-05
2.38007e-05 0.000355662
-0.000493761 -0.000128978
-0.000128978  0.000530665
-0.000374495 -9.99751e-05
-9.99751e-05  0.000426661
 -0.00148716 -0.000209692
-0.000209692   0.00158112
 -0.00132812 -0.000276354
-0.000276354   0.00148978
 -0.0012829 0.000283551
0.000283551  0.00142888
 -0.0012869 0.000115391
0.000115391  0.00142478
 -0.00160848 -8.32786e-05
-8.32786e-05   0.00159699
 -0.00127756 -9.65191e-06
-9.65191e-06   0.00145557
-0.00144377 0.000229988
0.000229988  0.00152702
-0.00153586 0.000165605
0.000165605  0.00151416
 -0.0013874 0.000254167
0.000254167  0.00145967
 -0.00108678 -0.000396354
-0.000396354  0.000898918
-0.00163482 1.34114e-05
1.34114e-05  0.00168762
-0.000482542 -3.22534e-05
-3.22534e-05  0.000898948
-0.00106796 0.000391967
0.000391967  0.00090027
-0.00111084 0.000520956
0.000520956 0.000974854
-0.00109102 0.000550082
0.000550082  0.00109064
-0.00117833 0.000600228
0.000600228  0.00133369
 -0.00111609 -0.000548026
-0.000548026  0.000959979
-0.00109016 -0.00058234
-0.00058234  0.00111394
 -0.00131243 -0.000256619
-0.000256619    0.0013797
 -0.00144876 -0.000295371
-0.000295371   0.00157299
-0.00115534 0.000466424
0.000466424  0.00131362
 -0.00120338 -0.000597386
-0.000597386   0.00139284
 -0.00143425 -0.000234484
-0.000234484    0.0013587
 -0.00115588 -0.000469856
-0.000469856   0.00135016
 -0.00151047 -6.57397e-05
-6.57397e-05   0.00157787
-0.00151985 4.33946e-05
4.33946e-05  0.00155704
 -0.00147497 -3.99238e-05
-3.99238e-05   0.00154882
-0.00063639  5.7402e-05
 5.7402e-05 0.000974808
-0.000479374 -6.36648e-05
-6.36648e-05  0.000917863
-0.000893012 -6.69712e-06
-6.69712e-06   0.00105087
-0.000931605  2.96459e-05
 2.96459e-05   0.00110599
 -0.00163952 -5.41283e-05
-5.41283e-05   0.00159873
-0.00166211 7.15174e-05
7.15174e-05  0.00163152
 -0.00127473 -5.82277e-05
-5.82277e-05   0.00131877
 -0.00110842 -0.000194555
-0.000194555  0.000879802
-0.00109444 0.000321631
0.000321631  0.00137643
-0.000679011  0.000368012
 0.000368012   0.00105376
-0.00124556 3.95152e-05
3.95152e-05   0.0012869
-0.00109668 0.000173905
0.000173905 0.000869234
 -0.00070537 -0.000369023
-0.000369023    0.0010647
 -0.00108168 -0.000334033
-0.000334033   0.00137103
-0.00150983 0.000134615
0.000134615  0.00159308
-0.00166111 8.04301e-05
8.04301e-05  0.00170679
-0.000931805  6.46486e-06
 6.46486e-06   0.00121199
 -0.00147489 -0.000106318
-0.000106318   0.00160689
 -0.00158836 -0.000117709
-0.000117709    0.0016551
-0.00155696 0.000164391
0.000164391  0.00162237
-0.000925859 -0.000119932
-0.000119932   0.00123676
 -0.00164033 -5.51501e-05
-5.51501e-05   0.00170056
-0.00167875 1.43153e-05
1.43153e-05  0.00175016
-0.00126599 7.28079e-05
7.28079e-05  0.00146886
 -0.0014102 0.000170571
0.000170571   0.0014049
 -0.00102433 -0.000168073
-0.000168073   0.00125454
-0.00100761 0.000150778
0.000150778  0.00125681
 -0.00142273 -0.000142272
-0.000142272   0.00140012
-0.00107978 0.000272301
0.000272301  0.00128078
 -0.00109052 -0.000290108
-0.000290108   0.00126832
-0.00125832  0.00052944
 0.00052944  0.00146414
 -0.00124081 -0.000544174
-0.000544174   0.00141062
-0.00138678 0.000260543
0.000260543  0.00133574
-0.00100981 0.000138733
0.000138733  0.00124121
 -0.00103099 -0.000159062
-0.000159062   0.00129156
-0.00139845 0.000169628
0.000169628  0.00128331
  -0.0014198 -0.000143971
-0.000143971   0.00131983
-0.00150975  0.00013491
 0.00013491   0.0015941
 -0.00125519 -4.24282e-06
-4.24282e-06   0.00135784
-0.00167242  2.2805e-05
 2.2805e-05     0.00165
-0.00141653 0.000308463
0.000308463  0.00148989
 3.79014e-05 -5.76064e-05
-5.76064e-05  1.98513e-05
6.72559e-05 1.58002e-05
1.58002e-05 4.62549e-05
3.98232e-05 5.25356e-05
5.25356e-05 1.24106e-05
-2.09809e-05  -0.00010955
 -0.00010955  4.30697e-05
 3.60083e-05 -7.20344e-05
-7.20344e-05  3.74906e-05
3.76834e-05 6.83206e-05
6.83206e-05 3.90988e-05
3.15518e-05 6.67495e-05
6.67495e-05 1.22449e-05
2.92547e-05 5.76605e-05
5.76605e-05 4.04739e-05
-1.51648e-05 -4.20109e-05
-4.20109e-05  2.01726e-05
 0.000125086 -7.63868e-06
-7.63868e-06  -7.6351e-05
-0.00063639 1.83332e-05
1.83332e-05 0.000496783
-0.000482542  1.63874e-05
 1.63874e-05  0.000318536
-8.32301e-05 -3.30674e-06
-3.30674e-06  0.000216365
-0.000479374 -8.42225e-06
-8.42225e-06  0.000356605
-0.000543839  -2.2601e-05
 -2.2601e-05  0.000410408
-0.000436591  7.47175e-06
 7.47175e-06  0.000282347
-3.67385e-05 -4.60997e-05
-4.60997e-05  6.01291e-05
-0.000379805  1.45952e-05
 1.45952e-05  0.000749143
-0.000371414  1.36409e-05
 1.36409e-05  0.000725876
-0.000449603  9.14658e-05
 9.14658e-05  0.000768547
-6.37743e-05  8.27073e-05
 8.27073e-05  0.000202706
-3.45241e-05  2.85777e-05
 2.85777e-05  0.000175349
-0.000312697  0.000115865
 0.000115865   0.00028127
  0.00012505 -7.07382e-06
-7.07382e-06 -5.92729e-05
-0.000580599  2.89529e-05
 2.89529e-05  0.000434915
-0.000506097 -9.09287e-05
-9.09287e-05   0.00085308
-4.39267e-05  2.97071e-05
 2.97071e-05  6.56043e-05
-0.000456563  8.28805e-05
 8.28805e-05  0.000768198
-0.000449706 -7.76621e-05
-7.76621e-05  0.000777143
-0.000328758  -0.00010362
 -0.00010362  0.000285834
-0.000301618  8.13284e-05
 8.13284e-05  0.000254856
-3.72012e-05 -2.37904e-05
-2.37904e-05  0.000180207
-0.000329716 -7.62824e-05
-7.62824e-05  0.000273642
-0.000679011  0.000287325
 0.000287325  0.000598369
-0.000748303  4.46948e-05
 4.46948e-05   0.00115292
-0.000705539 -4.00449e-05
-4.00449e-05   0.00112183
-0.000682517 -0.000293862
-0.000293862  0.000591176
 -0.00070537 -0.000338312
-0.000338312  0.000613769
-0.000681607 -8.95144e-05
-8.95144e-05    0.0010876
-0.000694432  0.000297809
 0.000297809  0.000609887
-0.000710216  5.04758e-05
 5.04758e-05   0.00112034
 0.000189891 -1.10908e-05
-1.10908e-05 -0.000112344
 -3.6113e-05 -2.33461e-05
-2.33461e-05   0.00024766
-5.26501e-05  4.09604e-05
 4.09604e-05  0.000237848
-6.26539e-05 -8.85063e-05
-8.85063e-05  0.000273408
 0.000182043  7.61198e-06
 7.61198e-06 -0.000107032
 0.000176267  -1.5515e-05
 -1.5515e-05 -0.000100176
 0.000149719 -5.83635e-05
-5.83635e-05 -8.17327e-05
-5.02798e-05  1.44517e-05
 1.44517e-05  0.000250227
 0.000177255 -9.07625e-07
-9.07625e-07 -8.86497e-06
 0.000166505 -1.43654e-05
-1.43654e-05 -1.25631e-07
-0.000206736 -8.67729e-06
-8.67729e-06  0.000320184
 -0.00047842 -0.000217877
-0.000217877  0.000398282
-0.000515842  0.000228423
 0.000228423  0.000421716
-0.000484561 -0.000229397
-0.000229397  0.000381167
-0.000152701   2.5017e-05
  2.5017e-05   0.00027375
-0.000222584  2.93356e-06
 2.93356e-06   0.00032903
-0.000182147 -1.04353e-07
-1.04353e-07  0.000309094
-0.00048241  0.00022953
 0.00022953 0.000398341
-8.72908e-05  3.81806e-05
 3.81806e-05  0.000116933
-0.00022801 0.000227522
0.000227522 0.000395806
-0.000241793 -0.000194818
-0.000194818  0.000395353
-0.000228268 -0.000101399
-0.000101399  0.000403785
-0.000238464  0.000188999
 0.000188999   0.00040388
 0.000155781 -5.20562e-05
-5.20562e-05 -0.000127247
-2.11699e-05   1.3706e-05
  1.3706e-05  1.61389e-05
-1.49855e-05 -3.50649e-05
-3.50649e-05  -3.3176e-06
7.48232e-05 2.64657e-05
2.64657e-05 -1.9836e-05
-0.00131939 0.000139102
0.000139102  0.00146916
 -0.00158862 -9.30609e-05
-9.30609e-05   0.00157038
 -0.00129536 -0.000142996
-0.000142996     0.001446
 -0.00147723 -0.000219289
-0.000219289   0.00156714
-0.00130381 0.000260567
0.000260567   0.0014119
 -0.00127965 -0.000263588
-0.000263588   0.00139624
-0.00158714 0.000130317
0.000130317  0.00155739
-0.00156847 0.000223015
0.000223015   0.0016762
 -0.00165602 -6.36348e-05
-6.36348e-05   0.00172093
-0.00163482  3.2277e-06
 3.2277e-06  0.00170794
-0.00130782  2.3657e-07
 2.3657e-07  0.00145466
-0.000436591 -1.99025e-05
-1.99025e-05  0.000886129
-0.000580599  3.99225e-05
 3.99225e-05  0.000964543
-0.000925418  5.31443e-05
 5.31443e-05   0.00122648
 -0.00108918 -0.000563314
-0.000563314   0.00108161
 -0.00111883 -0.000536766
-0.000536766   0.00100113
-0.00111029 0.000512433
0.000512433 0.000979258
-0.000926184  2.66273e-05
 2.66273e-05   0.00109891
 -0.00118793 -0.000600354
-0.000600354    0.0013525
 -0.00165057 -6.99994e-05
-6.99994e-05   0.00161219
 -0.00151985 -4.71866e-05
-4.71866e-05   0.00156879
-0.00147497 5.09821e-05
5.09821e-05  0.00149127
-0.00130802 4.44527e-06
4.44527e-06  0.00145208
-0.00164595 8.72037e-05
8.72037e-05  0.00161775
-0.000543839 -6.79569e-05
-6.79569e-05  0.000925992
-0.00110038 0.000545907
0.000545907  0.00108612
-0.00111803 0.000370858
0.000370858 0.000916242
-0.000906965 -4.42182e-05
-4.42182e-05   0.00120739
 -0.00108042 -0.000407392
-0.000407392  0.000878812
 -0.00116235 -0.000475056
-0.000475056   0.00135869
-0.000906155 -4.58885e-05
-4.58885e-05   0.00108025
-0.00118918 0.000583477
0.000583477  0.00136387
-0.00116652 0.000453473
0.000453473  0.00137425
-0.000682517 -0.000340079
-0.000340079   0.00103704
-0.00107747 -0.00031308
-0.00031308    0.001378
 -0.00110752 -0.000175963
-0.000175963  0.000890489
 -0.00124556 -4.41674e-05
-4.41674e-05   0.00129212
-0.000694432  0.000338995
 0.000338995   0.00105646
-0.00108925 0.000302357
0.000302357    0.001378
-0.00127473 6.33364e-05
6.33364e-05  0.00135377
-0.00108335 0.000208528
0.000208528 0.000871996
-0.00165246 0.000128562
0.000128562  0.00174723
 -0.00136723 -0.000247267
-0.000247267   0.00143154
 -0.00143958 -0.000237295
-0.000237295   0.00136286
-0.00139088 0.000234594
0.000234594  0.00131533
 -0.00150621 -0.000145286
-0.000145286   0.00165643
-0.00149473 0.000137806
0.000137806  0.00166039
-0.00163837 0.000119278
0.000119278  0.00159985
-0.00138323 0.000250909
0.000250909  0.00145409
 -0.00152275 -0.000101646
-0.000101646   0.00154464
-0.00153065 5.92537e-05
5.92537e-05  0.00151771
-0.00109394 0.000263613
0.000263613  0.00125209
-0.00126208 0.000526029
0.000526029  0.00144589
-0.000978802  -0.00014485
 -0.00014485   0.00121965
 -0.00108326 -0.000279495
-0.000279495   0.00127512
  -0.0013972 -0.000152836
-0.000152836   0.00139198
 -0.00124537 -0.000534365
-0.000534365   0.00142212
-0.00100548  0.00014504
 0.00014504  0.00124012
-0.00144279 0.000103513
0.000103513  0.00140569
-0.00164459 7.27767e-05
7.27767e-05  0.00167171
 -0.00140108 -0.000172436
-0.000172436   0.00129914
-0.000977332 -0.000154481
-0.000154481   0.00122777
-0.00144215 7.68798e-05
7.68798e-05  0.00139732
 -0.0010014 0.000159546
0.000159546  0.00125037
  -0.0015731 -0.000126731
-0.000126731   0.00164287
   -0.001429 -0.000313853
-0.000313853   0.00157312
-0.00141984 0.000278926
0.000278926  0.00159346
-0.00161062 7.38801e-05
7.38801e-05  0.00164909
-0.000437963 -0.000152682
-0.000152682   0.00048951
-0.000503297 -0.000115211
-0.000115211  0.000564134
-0.000417164  2.61407e-05
 2.61407e-05  0.000438097
-0.00041765 4.63951e-05
4.63951e-05 0.000474237
-0.000431566 -8.44945e-05
-8.44945e-05  0.000559926
-0.000447829 -1.09039e-05
-1.09039e-05  0.000506845
-0.000251725 -5.43848e-06
-5.43848e-06  0.000314306
-0.000251214 -4.01194e-05
-4.01194e-05  0.000321804
-0.000316943  1.37539e-05
 1.37539e-05  0.000380368
-0.000832399 -0.000223084
-0.000223084   0.00111394
-0.000292889   3.7051e-06
  3.7051e-06  0.000356637
 -0.00051877 -0.000139869
-0.000139869  0.000690093
-0.000336317 -1.14778e-05
-1.14778e-05  0.000410818
-0.00077479 0.000123106
0.000123106 0.000683289
-0.000696629 -0.000151922
-0.000151922  0.000898918
-0.000714271 -0.000196823
-0.000196823  0.000959979
-0.000465031 -0.000158486
-0.000158486  0.000511651
-0.000651242 -0.000173893
-0.000173893  0.000691458
-0.00036934 4.49542e-05
4.49542e-05  0.00039273
-0.000535566 -0.000168437
-0.000168437  0.000698779
-0.000672549 -0.000236788
-0.000236788  0.000696369
  -0.0002415 -8.42156e-07
-8.42156e-07  0.000303794
-0.000413945  6.94927e-06
 6.94927e-06   0.00045896
-0.000406946  -8.4832e-05
 -8.4832e-05  0.000513205
-0.00027044 1.43225e-05
1.43225e-05 0.000322506
-0.000476675 -1.83247e-05
-1.83247e-05  0.000561532
-0.000261727  -9.1495e-06
 -9.1495e-06  0.000328525
-0.000828727  7.63368e-05
 7.63368e-05  0.000740822
-0.000738351  0.000108531
 0.000108531  0.000670917
-0.000522793  0.000118773
 0.000118773  0.000610472
-0.000511107   0.00015047
  0.00015047  0.000600445
-0.000284971 -3.71267e-05
-3.71267e-05  0.000366529
-0.000390777 -6.28418e-05
-6.28418e-05  0.000504764
 -0.0010164 -0.00010824
-0.00010824  0.00137103
-0.000960241 -0.000306989
-0.000306989  0.000917372
-0.000231337 -1.31157e-07
-1.31157e-07  0.000296811
-0.000616855 -5.03628e-06
-5.03628e-06  0.000716563
-0.000684227 -5.29705e-05
-5.29705e-05  0.000879802
-0.000221959   1.5563e-06
  1.5563e-06  0.000290808
-0.000706865  4.10116e-05
 4.10116e-05  0.000647257
 -0.00054286 -3.85921e-06
-3.85921e-06  0.000572994
 -0.00031418 -5.25927e-05
-5.25927e-05   0.00038547
-0.000522107  3.85582e-05
 3.85582e-05  0.000511372
-0.000288187 -2.57965e-05
-2.57965e-05  0.000362777
-0.000384308 -8.73389e-05
-8.73389e-05  0.000446056
-0.000347147 -5.58961e-05
-5.58961e-05  0.000412998
-0.000284127  -7.2821e-06
 -7.2821e-06  0.000346863
-0.000389358 -6.11093e-05
-6.11093e-05  0.000448533
 -0.00047452 -2.82389e-05
-2.82389e-05  0.000501616
-0.000400284 -2.40581e-05
-2.40581e-05  0.000439214
-0.000340312 -3.57816e-05
-3.57816e-05  0.000408019
-0.000235852 -1.97465e-05
-1.97465e-05  0.000311775
-0.000558418 -7.23745e-05
-7.23745e-05  0.000659439
-0.000506148  5.70051e-05
 5.70051e-05  0.000590073
-0.000558328   6.7789e-05
  6.7789e-05  0.000646959
-0.000790482  -0.00030025
 -0.00030025  0.000733906
-0.000494431  5.29115e-05
 5.29115e-05  0.000521715
-0.000698622 -0.000100015
-0.000100015  0.000730202
-0.000226454  7.07141e-06
 7.07141e-06  0.000294218
-0.000257608 -7.32525e-06
-7.32525e-06   0.00032021
-0.000551406  3.77667e-05
 3.77667e-05  0.000533637
-0.000554797 -8.75921e-05
-8.75921e-05  0.000723336
  -0.0002298 -1.24975e-05
-1.24975e-05  0.000293746
-0.000608613 -0.000163539
-0.000163539  0.000770973
-0.000334876 -1.84103e-06
-1.84103e-06  0.000399987
-0.000392879  3.16814e-05
 3.16814e-05  0.000449765
-0.000325321  -7.9093e-05
 -7.9093e-05  0.000428143
-0.00031816 9.38159e-06
9.38159e-06 0.000364849
-0.000976986 -1.01769e-05
-1.01769e-05   0.00191179
 -0.00128399 -7.23891e-05
-7.23891e-05   0.00230239
-0.000973415  1.17511e-06
 1.17511e-06   0.00189355
 -0.00128114 -0.000183662
-0.000183662   0.00220607
-0.00102348 0.000168733
0.000168733  0.00188937
 -0.00101997 -0.000152406
-0.000152406   0.00187399
-0.00127747 0.000103872
0.000103872  0.00231161
-0.00138226  0.00017662
 0.00017662   0.0022971
 -0.00143156 -5.79137e-05
-5.79137e-05   0.00239411
  -0.0014318 -6.20571e-06
-6.20571e-06   0.00238679
-0.00106586 1.28979e-05
1.28979e-05  0.00188537
-0.00077479 0.000329849
0.000329849  0.00187364
-0.000881891 -0.000269533
-0.000269533   0.00182651
-0.000752526 -0.000358416
-0.000358416   0.00186416
-0.000340019 -0.000181349
-0.000181349   0.00085308
-0.000265337 -2.54564e-05
-2.54564e-05  0.000725876
-0.000758407 -3.68093e-05
-3.68093e-05   0.00138665
-0.000412097 -8.60078e-05
-8.60078e-05   0.00138805
 -0.00105764 -0.000377637
-0.000377637   0.00197168
 -0.00135319 -6.29032e-05
-6.29032e-05   0.00239004
-0.00124133 3.22266e-05
3.22266e-05  0.00224475
 -0.00131914 -4.42609e-05
-4.42609e-05     0.002291
-0.000912149  7.36742e-06
 7.36742e-06   0.00188503
-0.00135069 6.60622e-05
6.60622e-05   0.0023851
-0.000283638  0.000155043
 0.000155043  0.000768547
-0.000722296 -0.000286087
-0.000286087   0.00188059
-0.000742703  5.38492e-05
 5.38492e-05   0.00136763
-0.000828727  0.000262901
 0.000262901   0.00180755
-0.000738351  0.000265949
 0.000265949   0.00190329
-0.00105292 0.000369142
0.000369142  0.00194696
-0.00108492 0.000315982
0.000315982  0.00195378
-0.00038495 6.23515e-05
6.23515e-05  0.00136714
-0.00106631 -0.00033586
-0.00033586  0.00193786
-0.000706865  0.000157386
 0.000157386   0.00189871
-0.000960241 -0.000237598
-0.000237598   0.00168855
-0.000473708 -0.000180389
-0.000180389    0.0010876
-0.000486147  0.000191669
 0.000191669   0.00112034
-0.000964311  0.000231475
 0.000231475   0.00167811
-0.00110574  3.9946e-05
 3.9946e-05  0.00206271
-0.000714995 -0.000135174
-0.000135174   0.00191743
 -0.00106159 -2.88851e-05
-2.88851e-05   0.00205145
-0.00141816 0.000115214
0.000115214  0.00233773
 -0.00111383 -0.000125026
-0.000125026   0.00206906
 -0.00106899 -0.000182739
-0.000182739   0.00214631
-0.00104598 0.000170929
0.000170929   0.0021074
 -0.00123711 -8.45539e-05
-8.45539e-05   0.00215524
-0.00122954 9.53641e-05
9.53641e-05  0.00213302
-0.00130838 7.96525e-05
7.96525e-05  0.00234893
-0.00111387 0.000143868
0.000143868  0.00206924
  -0.0012292 -3.80921e-05
-3.80921e-05   0.00218452
-0.00119032 1.17533e-05
1.17533e-05  0.00218309
-0.000548112  0.000203879
 0.000203879   0.00151613
-0.00102109 0.000201507
0.000201507  0.00190851
-0.00101507 0.000169507
0.000169507  0.00199392
  -0.0010427 -0.000204044
-0.000204044   0.00191092
 -0.00115915 -0.000139093
-0.000139093   0.00217752
-0.000552312 -0.000205884
-0.000205884   0.00153499
-0.000989235 -0.000174383
-0.000174383   0.00197856
-0.00115342 8.07608e-05
8.07608e-05  0.00219561
-0.00139293 5.08533e-05
5.08533e-05  0.00238363
-0.00105971 -0.00012966
-0.00012966  0.00216566
 -0.00085904 -8.87333e-05
-8.87333e-05   0.00150699
-0.00113731 5.32533e-05
5.32533e-05  0.00219494
-0.000843968   7.6463e-05
  7.6463e-05   0.00149786
  -0.0013274 -0.000107949
-0.000107949   0.00228007
 -0.00125571 -0.000233465
-0.000233465   0.00215938
-0.00125832 0.000204806
0.000204806  0.00212948
-0.00137088 5.63007e-05
5.63007e-05  0.00234021
-0.000420092 -4.30008e-05
-4.30008e-05  0.000473223
-0.000427368  0.000105027
 0.000105027  0.000569174
-0.000420791   7.1151e-05
  7.1151e-05   0.00045541
 -0.0005047 0.000101894
0.000101894 0.000569107
-0.000416663 -1.68523e-05
-1.68523e-05  0.000441545
-0.000431102  0.000148544
 0.000148544  0.000542635
-0.000255431  3.58248e-05
 3.58248e-05  0.000334052
-0.000260894  1.04224e-05
 1.04224e-05  0.000331203
-0.000381556  7.21963e-05
 7.21963e-05  0.000438103
-0.000336317  2.11361e-05
 2.11361e-05  0.000402884
-0.000301702 -3.31026e-06
-3.31026e-06  0.000359847
-0.000400323  2.80938e-05
 2.80938e-05  0.000451849
-0.000752526 -0.000115903
-0.000115903  0.000667041
-0.000722296 -0.000105217
-0.000105217  0.000662021
-0.000517695 -3.67166e-05
-3.67166e-05  0.000515439
-0.000814888  0.000222064
 0.000222064   0.00108612
-0.000729177  0.000202961
 0.000202961  0.000979258
-0.000519911 -0.000109941
-0.000109941  0.000598001
-0.000690577  0.000261207
 0.000261207  0.000714117
-0.000384091  7.40263e-05
 7.40263e-05  0.000501658
-0.000476675  1.79655e-05
 1.79655e-05  0.000566521
-0.000261727  1.15997e-05
 1.15997e-05  0.000330928
-0.000288937  3.41342e-05
 3.41342e-05  0.000373661
-0.000397901  -2.3486e-05
 -2.3486e-05  0.000447429
-0.000418595 -6.24258e-06
-6.24258e-06  0.000462627
-0.000233042    4.232e-06
   4.232e-06  0.000300386
-0.000881891 -7.39834e-05
-7.39834e-05  0.000783335
-0.000705129  0.000151397
 0.000151397  0.000916242
-0.000515628  1.44062e-05
 1.44062e-05  0.000550848
 -0.00037326 -4.30016e-05
-4.30016e-05  0.000399644
-0.000497023 -0.000124097
-0.000124097  0.000587769
-0.000663472  0.000180426
 0.000180426  0.000690856
-0.000267832 -2.23005e-05
-2.23005e-05   0.00031833
-0.000964311  0.000279821
 0.000279821  0.000927571
 -0.0010171 8.09965e-05
8.09965e-05    0.001378
-0.000678091  5.01059e-05
 5.01059e-05  0.000871996
-0.000616855  2.08026e-06
 2.08026e-06  0.000714709
-0.000714995 -4.37701e-05
-4.37701e-05  0.000652973
-0.000540178  3.55704e-06
 3.55704e-06   0.00057281
-0.000231337   5.6391e-06
  5.6391e-06  0.000297113
-0.000231231  5.39326e-06
 5.39326e-06  0.000297498
-0.000325751  3.52697e-05
 3.52697e-05   0.00041016
-0.000532323  0.000110793
 0.000110793  0.000679471
-0.000523031   0.00011623
  0.00011623  0.000689726
-0.000264507  1.37813e-05
 1.37813e-05  0.000328755
-0.00035381 6.73968e-05
6.73968e-05 0.000399221
 -0.00033733 -7.68075e-06
-7.68075e-06   0.00039407
-0.000309282  5.02714e-05
 5.02714e-05  0.000374476
-0.000332286 -1.02722e-05
-1.02722e-05  0.000390392
-0.000399725  0.000115464
 0.000115464  0.000539774
-0.000311841  2.89462e-05
 2.89462e-05  0.000377407
-0.000233001  3.79616e-06
 3.79616e-06  0.000301985
-0.000555205 -6.15155e-05
-6.15155e-05  0.000622885
-0.000692455  9.72239e-05
 9.72239e-05  0.000721753
-0.000493763 -4.98912e-05
-4.98912e-05  0.000518412
-0.000558677   6.7655e-05
  6.7655e-05  0.000658911
-0.000562051 -6.76605e-05
-6.76605e-05  0.000649971
-0.000773599  0.000294608
 0.000294608  0.000727713
-0.000232936  1.93415e-05
 1.93415e-05  0.000307358
-0.000289051  3.58027e-05
 3.58027e-05  0.000351926
-0.000555318  8.17333e-05
 8.17333e-05  0.000717402
-0.000548624  -3.1217e-05
 -3.1217e-05  0.000530878
-0.000232883   1.7226e-05
  1.7226e-05  0.000293831
-0.000596763  0.000196152
 0.000196152   0.00076435
 -0.0003946 9.44328e-05
9.44328e-05 0.000436327
-0.000493493  0.000143439
 0.000143439  0.000536397
-0.000315677  -2.8182e-05
 -2.8182e-05  0.000356894
-0.000332182  6.77297e-05
 6.77297e-05  0.000437238
