 0.00749497
 0.00737914
 0.00744691
 0.00749085
 0.00749994
 0.00748328
 0.00748709
 0.00747354
  0.0074832
 0.00748693
 0.00744633
 0.00745322
 0.00729478
 0.00737904
 0.00749504
 0.00744516
  0.0074773
 0.00737009
 0.00750059
 0.00598317
 0.00687364
 0.00647436
 0.00712441
 0.00749495
 0.00648916
 0.00712888
 0.00749677
 0.00749999
     0.0075
 0.00747506
 0.00596937
 0.00749088
 0.00738547
 0.00724605
 0.00749993
 0.00748331
 0.00747834
 0.00749997
 0.00750106
 0.00725431
 0.00687097
 0.00738523
 0.00744714
 0.00737162
 0.00748327
 0.00724919
 0.00745124
 0.00601787
 0.00113348
  0.0071378
 0.00745172
 0.00737212
 0.00745406
 0.00749601
 0.00749305
 0.00747545
 0.00713181
 0.00648159
 0.00729189
 0.00725869
 0.00745554
 0.00434214
 0.00745113
 0.00749842
  0.0074986
0.000729036
 0.00723745
 0.00430294
  0.0074996
 0.00732888
 0.00125311
 0.00297974
 0.00749505
 0.00135031
 0.00101471
 0.00747919
0.000168654
 0.00404602
  0.0074656
 0.00718683
 0.00601738
 0.00288796
 0.00611559
 0.00694757
 0.00694666
 0.00747821
 0.00662653
 0.00126593
 0.00403223
 0.00643617
 0.00608847
 0.00732694
  0.0074762
 0.00724759
 0.00648249
  0.0074791
 0.00748222
 0.00707545
     0.0075
 0.00688802
 0.00729456
 0.00060135
 0.00297601
 0.00641549
  0.0069665
 0.00704649
0.000857536
 0.00673096
0.000126051
 0.00671605
 0.00736397
 0.00677878
 0.00729706
 0.00740604
 0.00694323
 0.00729459
 0.00776856
 0.00749112
 0.00749324
 0.00680224
 0.00727966
 0.00694658
 0.00748234
 0.00640912
 0.00721178
  0.0074738
 0.00645394
 0.00282954
 0.00749324
 0.00711907
 0.00656053
 0.00730451
 0.00748278
  0.0075029
  0.0073637
  0.0295089
  0.0143345
  0.0196033
    0.02908
 0.00806369
 0.00775929
 0.00844955
  0.0176715
  0.0250487
  0.0140168
  0.0321444
  0.0162276
 0.00740291
  0.0181475
   0.018798
 0.00833769
  0.0307566
  0.0203726
 0.00770559
  0.0193801
  0.0275811
  0.0399985
  0.0176969
  0.0104774
  0.0370897
 0.00750166
 0.00962624
 0.00803362
 0.00771571
  0.0080232
  0.0213507
 0.00701721
 0.00774272
 0.00749535
 0.00744571
   0.011951
  0.0131535
 0.00741056
 0.00763842
  0.0141348
 0.00757448
  0.0114779
 0.00859034
  0.0279715
 0.00759865
 0.00749272
  0.0292359
 0.00843247
 0.00764682
  0.0102946
  0.0149547
  0.0117949
 0.00749318
 0.00751522
 0.00749994
 0.00811411
 0.00246246
 0.00761276
  0.0157372
 0.00600277
 0.00760258
 0.00758366
 0.00751242
 0.00750629
 0.00749934
 0.00750639
 0.00748941
 0.00734882
 0.00738523
 0.00779913
 0.00763408
 0.00750509
 0.00749501
 0.00741763
 0.00859228
  0.0208541
 0.00550534
     0.0001
 0.00752168
 0.00844764
 0.00758645
 0.00797395
 0.00750601
  0.0111494
 0.00943986
 0.00748326
 0.00822456
 0.00845388
 0.00750004
 0.00750009
 0.00756914
 0.00749895
 0.00748562
 0.00749388
 0.00748571
 0.00749895
  0.0075036
 0.00727626
 0.00723006
 0.00727686
  0.0075026
 0.00750236
 0.00677695
 0.00585997
 0.00681543
 0.00750123
 0.00750136
 0.00755073
 0.00768512
   0.007566
  0.0075002
 0.00753155
 0.00654858
 0.00734571
 0.00750707
 0.00753929
     0.0001
 0.00379586
     0.0001
 0.00751867
 0.00755119
 0.00754388
  0.0143087
 0.00822844
 0.00753405
 0.00738695
 0.00766308
  0.0104732
 0.00827142
  0.0149852
   0.016268
0.000951783
  0.0164959
 0.00752505
 0.00751467
 0.00811445
  0.0072838
 0.00876929
 0.00743228
 0.00750572
 0.00754316
 0.00750012
   0.007499
 0.00698358
 0.00738114
  0.0074976
  0.0075081
 0.00801892
  0.0204722
 0.00752709
 0.00767998
 0.00800677
  0.0080133
  0.0170667
 0.00748296
  0.0076578
 0.00758441
 0.00749992
  0.0111335
 0.00981737
  0.0420564
   0.023631
 0.00824529
 0.00965274
 0.00722876
 0.00755446
 0.00843089
  0.0296121
  0.0100665
 0.00759024
  0.0389546
  0.0215735
 0.00921839
  0.0122492
 0.00749983
 0.00883464
  0.0127057
  0.0401239
  0.0273103
 0.00863331
 0.00815908
 0.00930673
 0.00749318
 0.00749625
 0.00750172
 0.00738186
 0.00749848
 0.00750001
 0.00772831
 0.00808845
 0.00861429
 0.00747674
     0.0001
  0.0110016
 0.00780739
 0.00762861
  0.0168519
 0.00737932
 0.00554353
 0.00783856
 0.00693522
 0.00723208
 0.00780553
 0.00867258
 0.00901149
 0.00776692
 0.00761745
 0.00841695
 0.00749625
 0.00745777
 0.00955609
 0.00961117
 0.00836682
  0.0269005
   0.026486
 0.00749542
 0.00746231
  0.0074954
 0.00745737
 0.00723173
 0.00748346
  0.0120354
 0.00682282
 0.00749266
 0.00735991
   0.013483
 0.00756256
  0.0113939
 0.00666228
  0.0200419
 0.00943393
 0.00748979
  0.0073644
 0.00749321
 0.00780184
  0.0125644
 0.00973189
 0.00738511
 0.00748199
 0.00778635
 0.00749453
 0.00785407
 0.00753486
 0.00803025
 0.00800949
 0.00754656
     0.0001
  0.0131163
 0.00757685
 0.00792158
 0.00738255
 0.00749646
 0.00683146
 0.00778019
 0.00750137
 0.00750068
     0.0001
  0.0195945
  0.0120333
 0.00754887
  0.0355485
 0.00749363
 0.00749614
  0.0104329
 0.00951243
  0.0183212
  0.0257404
 0.00767529
  0.0295641
  0.0207399
  0.0155061
    0.01726
 0.00744061
  0.0384818
  0.0114929
 0.00749929
 0.00750559
     0.0001
0.000404883
  0.0217504
 0.00865961
   0.024045
 0.00767882
  0.0210594
     0.0001
  0.0181543
 0.00775084
 0.00802965
 0.00743092
 0.00490339
 0.00783826
 0.00655497
 0.00962213
   0.018913
 0.00933667
  0.0108428
 0.00849311
  0.0155644
  0.0176209
 0.00809738
 0.00749274
 0.00738204
 0.00417779
 0.00741121
   0.004413
  0.0159097
 0.00736674
  0.0109051
 0.00821776
 0.00864821
 0.00883515
 0.00718081
 0.00920202
  0.0086209
  0.0117932
  0.0070894
 0.00731955
 0.00731116
 0.00715349
 0.00750777
   0.005166
  0.0140027
  0.0158561
  0.0163428
 0.00765264
  0.0073665
 0.00770004
 0.00467234
 0.00737625
 0.00749517
 0.00963643
 0.00862347
 0.00747125
 0.00748295
 0.00519261
 0.00749328
 0.00688129
 0.00985205
  0.0085589
 0.00491081
 0.00738139
 0.00727155
  0.0104614
 0.00751549
 0.00677457
 0.00708627
 0.00812548
 0.00737102
  0.0071177
 0.00872554
 0.00570382
 0.00331491
 0.00691897
  0.0069066
 0.00749642
 0.00424342
 0.00806829
 0.00441229
 0.00736089
 0.00566977
 0.00475033
 0.00748695
 0.00724896
 0.00479979
 0.00672138
 0.00740921
 0.00718814
  0.0041001
 0.00691487
