 0.00650332
 0.00654728
 0.00652134
 0.00650073
 0.00650004
 0.00649555
 0.00649736
 0.00649719
 0.00649383
 0.00650442
 0.00652369
 0.00651789
 0.00655443
 0.00655213
 0.00650339
 0.00649897
 0.00646841
 0.00648308
 0.00649924
  0.0071152
 0.00636119
 0.00620082
 0.00632625
 0.00650348
  0.0062184
 0.00632982
 0.00650037
 0.00650001
     0.0065
 0.00648545
  0.0071427
 0.00650163
 0.00653433
 0.00650044
 0.00650003
 0.00649522
 0.00649953
 0.00650001
 0.00649973
 0.00670886
 0.00682966
 0.00653652
 0.00649877
 0.00648174
 0.00649546
 0.00658465
 0.00651353
 0.00704155
 0.00705478
 0.00632791
 0.00647867
 0.00645749
 0.00649961
 0.00649983
 0.00649825
 0.00651064
 0.00646758
 0.00592209
 0.00654629
  0.0064635
   0.006479
 0.00520164
 0.00651462
 0.00648854
 0.00650055
  0.0051337
 0.00606784
 0.00522345
 0.00650086
 0.00649448
 0.00667628
 0.00761916
 0.00650323
 0.00761301
 0.00714731
 0.00649368
 0.00043793
 0.00542894
 0.00648052
  0.0061706
 0.00707391
  0.0081983
 0.00657926
 0.00658963
 0.00616109
 0.00649967
 0.00594992
 0.00674448
 0.00543653
 0.00665378
 0.00589435
 0.00649901
 0.00648721
 0.00648433
 0.00591457
 0.00649354
 0.00649418
 0.00630893
     0.0065
 0.00587587
 0.00649291
 0.00627611
 0.00758011
 0.00677677
 0.00590753
 0.00558045
0.000440442
 0.00558159
0.000482175
  0.0061258
 0.00647463
 0.00626659
 0.00651347
 0.00566239
 0.00158551
 0.00651692
 0.00650709
 0.00649551
 0.00649843
 0.00619263
 0.00641289
 0.00611362
 0.00649396
 0.00684841
 0.00650069
  0.0064895
 0.00667804
 0.00813437
 0.00649808
 0.00637838
 0.00627475
  0.0063848
 0.00649292
 0.00642262
 0.00635495
  0.0152684
 0.00720324
 0.00867594
  0.0117067
 0.00659946
 0.00652829
 0.00665827
  0.0104533
  0.0149424
 0.00743377
  0.0079684
 0.00736358
  0.0064822
 0.00674097
 0.00887189
 0.00661034
  0.0116163
 0.00887639
 0.00646591
  0.0103656
  0.0117088
 0.00869428
 0.00721037
 0.00718553
  0.0154921
 0.00650671
 0.00679063
 0.00280937
 0.00193282
 0.00650375
 0.00639569
 0.00634293
   0.006466
 0.00649918
 0.00635706
 0.00675753
 0.00674308
 0.00649757
 0.00541237
 0.00666675
 0.00651289
 0.00716704
 0.00650084
  0.0116169
 0.00650528
 0.00649946
 0.00861823
 0.00661014
 0.00653433
 0.00707171
 0.00736203
 0.00715713
 0.00650396
 0.00624479
 0.00649899
 0.00506309
 0.00607118
 0.00650674
 0.00606555
 0.00682642
 0.00657375
  0.0067215
 0.00647206
 0.00647857
 0.00650055
 0.00649089
 0.00649081
 0.00622915
 0.00469665
 0.00366451
 0.00638365
 0.00650013
 0.00649951
 0.00647721
 0.00656188
 0.00761729
 0.00663799
 0.00675599
 0.00650784
 0.00649471
 0.00649689
 0.00650658
 0.00650507
 0.00645599
 0.00650153
 0.00650084
 0.00660778
  0.0066081
     0.0065
     0.0065
 0.00651283
 0.00650111
 0.00649726
 0.00649587
 0.00649814
 0.00650115
 0.00649469
 0.00629192
 0.00593051
 0.00627258
 0.00649569
 0.00649905
 0.00157043
 0.00235153
 0.00151976
 0.00649997
 0.00649991
 0.00561184
 0.00336303
 0.00589146
 0.00649999
  0.0064938
 0.00673345
  0.0072289
 0.00650329
 0.00650225
  0.0127562
 0.00808598
  0.0128309
 0.00649826
  0.0064648
 0.00649483
 0.00781474
 0.00655281
  0.0064945
 0.00646195
  0.0065061
 0.00682809
 0.00655421
 0.00782162
 0.00873116
 0.00705692
 0.00869407
  0.0064998
 0.00650166
 0.00707895
 0.00734782
 0.00701863
 0.00650055
 0.00649344
 0.00677525
 0.00649921
 0.00649986
 0.00160464
 0.00572725
 0.00649933
   0.006357
 0.00650627
 0.00647438
 0.00650247
 0.00651067
 0.00654292
 0.00654588
   0.010441
 0.00649795
 0.00652408
 0.00651245
     0.0065
 0.00715742
  0.0067861
  0.0155128
 0.00798299
 0.00660924
  0.0067702
 0.00645355
 0.00650295
 0.00660823
  0.0163697
  0.0068004
 0.00651251
  0.0196028
 0.00871036
 0.00684454
 0.00735571
 0.00649997
 0.00663569
 0.00659131
  0.0195732
  0.0148241
 0.00665384
 0.00654622
 0.00681183
 0.00650371
 0.00649893
  0.0061706
 0.00658115
 0.00552338
 0.00650134
 0.00526497
 0.00506578
 0.00671213
 0.00649994
 0.00603102
 0.00697205
 0.00649462
 0.00650669
  0.0061223
 0.00683798
  0.0072866
 0.00670848
 0.00657322
 0.00646747
 0.00651178
 0.00660664
 0.00652009
 0.00650519
 0.00652474
 0.00664109
 0.00649964
 0.00649109
 0.00683505
 0.00658356
 0.00660845
  0.0164021
  0.0153838
 0.00650018
 0.00650068
 0.00649992
 0.00649846
 0.00637961
 0.00655149
 0.00707167
 0.00708305
 0.00650074
 0.00649418
 0.00686123
 0.00650358
  0.0069674
 0.00669946
  0.0103754
 0.00709934
 0.00649048
 0.00622175
 0.00649994
 0.00643288
 0.00716237
 0.00674553
 0.00658143
 0.00553703
 0.00647944
 0.00649982
 0.00649601
 0.00560776
 0.00509416
 0.00519309
 0.00559493
 0.00688745
 0.00656995
 0.00649735
 0.00649438
  0.0064759
 0.00649972
 0.00707934
 0.00706516
 0.00649965
 0.00649866
  0.0105271
 0.00700498
 0.00686472
 0.00650366
  0.0154334
 0.00649824
 0.00649689
 0.00734769
 0.00644949
 0.00687277
  0.0163923
 0.00652914
  0.0163503
  0.0103478
 0.00699714
 0.00718671
 0.00643366
  0.0153915
 0.00715557
 0.00650063
 0.00649198
  0.0075468
 0.00757059
 0.00761339
 0.00656476
  0.0071726
 0.00647498
 0.00700198
  0.0101994
  0.0103684
 0.00653766
 0.00659881
 0.00645667
 0.00548742
 0.00644176
  0.0063391
 0.00737047
  0.0104575
 0.00695402
 0.00669195
 0.00653717
 0.00822308
  0.0086695
 0.00659751
 0.00649712
 0.00643475
 0.00517438
 0.00637471
   0.006141
 0.00871639
 0.00646416
  0.0071744
 0.00651128
 0.00694666
 0.00694074
 0.00637984
  0.0069487
 0.00652743
  0.0071487
 0.00640779
 0.00646347
 0.00651322
 0.00638587
 0.00649905
 0.00508907
  0.0083047
 0.00667856
  0.0104703
 0.00653433
 0.00645988
 0.00651965
  0.0061407
  0.0064205
 0.00649501
 0.00694185
 0.00646322
 0.00647999
 0.00649308
 0.00631164
 0.00649845
 0.00636014
 0.00652499
 0.00736902
  0.0054961
 0.00641726
 0.00649767
 0.00652926
 0.00638824
 0.00618163
 0.00630199
 0.00642332
 0.00645755
 0.00644417
 0.00695049
 0.00633785
 0.00558335
 0.00638211
 0.00635865
 0.00649758
 0.00495589
 0.00659695
 0.00614036
 0.00647025
 0.00633482
 0.00614437
 0.00649577
 0.00637254
 0.00573992
  0.0063349
 0.00646593
 0.00638573
 0.00496848
 0.00635042
