 0.0100029
 0.0100862
  0.010037
 0.0100073
 0.0100013
 0.0100424
 0.0100083
 0.0100157
 0.0100671
 0.0100081
 0.0100576
 0.0100274
 0.0102498
  0.010121
 0.0100041
 0.0102155
0.00993102
 0.0102478
 0.0100611
 0.0115088
 0.0105404
 0.0128286
 0.0110617
 0.0100043
 0.0129009
 0.0115562
  0.010045
0.00999898
 0.0100007
 0.0103131
  0.011985
 0.0100098
 0.0100912
 0.0102613
 0.0100003
 0.0100572
 0.0100571
 0.0100014
 0.0100111
 0.0103297
 0.0105245
 0.0101195
 0.0100711
 0.0102794
 0.0100392
 0.0101538
 0.0100359
 0.0115229
 0.0146458
 0.0105147
 0.0101942
 0.0102723
 0.0100636
 0.0100563
 0.0100059
 0.0100179
 0.0106107
 0.0127338
 0.0101483
 0.0101313
 0.0101091
 0.0153502
 0.0100564
0.00974957
0.00998508
 0.0128616
 0.0106057
 0.0170337
 0.0100214
 0.0101589
 0.0148209
 0.0145163
 0.0100029
 0.0128553
 0.0157358
 0.0100421
  0.020587
 0.0152715
 0.0105796
 0.0105105
 0.0119827
 0.0150628
 0.0112146
 0.0109357
 0.0108526
 0.0100477
 0.0113508
 0.0156563
 0.0168739
 0.0116008
 0.0111985
 0.0102481
0.00998101
 0.0101631
 0.0130543
 0.0100513
 0.0100406
 0.0110522
0.00999983
 0.0107808
 0.0101672
 0.0141287
 0.0163039
 0.0117176
 0.0106007
 0.0106857
 0.0143606
  0.012047
 0.0230958
 0.0108664
 0.0101093
 0.0105688
 0.0102356
 0.0092659
0.00717051
 0.0099758
 0.0100527
 0.0102717
 0.0100094
 0.0101436
 0.0103907
 0.0113855
 0.0100551
 0.0122144
 0.0104258
 0.0100128
 0.0121259
 0.0158932
0.00999957
0.00999419
 0.0100818
 0.0101649
 0.0100577
 0.0100171
 0.0100093
 0.0146029
 0.0107618
 0.0112283
 0.0133752
 0.0100412
 0.0100019
 0.0100564
 0.0119448
 0.0155606
 0.0106414
 0.0136888
 0.0106245
0.00992188
 0.0107565
 0.0110741
 0.0100462
 0.0135262
  0.011342
0.00985717
 0.0115535
 0.0127374
 0.0155842
 0.0109799
 0.0102193
 0.0154209
 0.0100058
 0.0101037
0.00913832
0.00920704
0.00998676
0.00936303
 0.0100161
0.00999591
 0.0100002
0.00995619
 0.0106478
 0.0107419
0.00999409
0.00980158
 0.0104819
 0.0100042
 0.0101246
 0.0102274
 0.0128735
 0.0100117
0.00999546
 0.0155563
 0.0100537
 0.0100164
 0.0101598
 0.0105992
 0.0102854
0.00997857
0.00996469
0.00995146
0.00982957
0.00888684
0.00999497
0.00923525
0.00964649
0.00997582
0.00999041
0.00997581
 0.0100071
0.00999502
 0.0100203
0.00999026
 0.0098283
0.00879035
0.00860089
0.00972089
 0.0106784
0.00999999
0.00999216
0.00998681
0.00960267
0.00856102
 0.0104156
 0.0100131
0.00997678
0.00999579
0.00998735
 0.0099654
0.00980294
 0.0100493
0.00996567
 0.0100423
 0.0100435
0.00999987
0.00999966
 0.0100041
0.00999543
0.00998949
0.00999193
0.00998895
0.00999392
0.00997518
0.00977171
 0.0094913
0.00978303
0.00994587
0.00999443
0.00802422
0.00606235
0.00810176
0.00994917
 0.0100211
0.00891209
0.00895026
0.00860575
 0.0100701
0.00999944
0.00995917
0.00996999
0.00996337
   0.01001
0.00748518
0.00620926
0.00774651
 0.0100349
0.00997651
 0.0099942
0.00974359
 0.0099896
0.00999538
0.00998319
0.00999231
0.00950615
0.00998963
0.00973677
0.00918906
0.00908757
0.00939837
0.00995948
0.00999884
0.00996088
0.00997206
0.00996719
0.00999775
 0.0099996
0.00995719
0.00984573
 0.0101246
0.00795322
0.00859919
 0.0100012
 0.0102708
0.00998002
0.00907531
0.00995356
0.00995425
 0.0100846
0.00987367
 0.0119512
 0.0100077
 0.0100071
 0.0100029
0.00999991
 0.0102781
 0.0101168
 0.0171352
 0.0138809
  0.010037
  0.010075
0.00975241
0.00998895
 0.0100548
 0.0149136
 0.0100908
  0.010003
 0.0206818
 0.0115712
 0.0101107
 0.0103168
 0.0100002
 0.0100386
 0.0102299
 0.0228009
 0.0148496
  0.010038
 0.0100495
 0.0101197
0.00998341
 0.0099953
0.00994806
0.00899652
0.00887769
 0.0098795
0.00977302
0.00978677
0.00999368
 0.0101255
0.00897409
0.00997986
 0.0099833
 0.0099952
0.00903626
0.00969987
0.00938865
0.00999522
0.00997492
0.00997515
 0.0100221
 0.0100518
 0.0100494
 0.0100129
 0.0100156
  0.010056
0.00999654
0.00991564
 0.0100851
 0.0102294
 0.0100523
 0.0159515
 0.0155565
0.00998429
0.00930438
0.00997784
0.00900109
0.00998736
 0.0100047
0.00914303
0.00940002
 0.0101171
0.00996048
0.00999023
 0.0100023
 0.0100076
0.00998536
 0.0115413
 0.0102134
0.00999122
0.00959186
0.00971308
0.00997049
 0.0104617
 0.0101079
0.00924211
0.00874416
0.00997392
 0.0100889
0.00997966
 0.0090666
0.00975133
0.00947451
 0.0089177
 0.0093838
 0.0092524
 0.0099948
 0.0099792
 0.0099986
      0.01
 0.0100017
0.00999861
0.00993277
 0.0100798
0.00741096
 0.0092872
 0.0100809
 0.0100003
 0.0153863
 0.0100003
0.00999502
0.00973463
 0.0105941
 0.0109098
 0.0158274
 0.0100084
 0.0148706
 0.0116998
 0.0111142
 0.0117856
0.00931132
 0.0168093
 0.0103966
0.00999514
0.00995156
 0.0085011
0.00902015
 0.0099625
0.00999165
 0.0116866
 0.0103134
0.00778696
0.00873507
 0.0120764
 0.0100381
 0.0100391
0.00999809
 0.0100007
 0.0100795
 0.0100214
 0.0102848
 0.0116838
 0.0102112
 0.0107653
 0.0102491
 0.0109153
 0.0113496
 0.0100533
 0.0100012
 0.0100176
 0.0100591
 0.0100123
  0.010011
 0.0110574
 0.0100006
 0.0103058
 0.0101077
 0.0102232
 0.0102514
 0.0100028
 0.0101745
 0.0102392
 0.0103666
 0.0103036
 0.0101643
 0.0102327
 0.0100093
 0.0100016
 0.0100619
 0.0108468
 0.0108104
 0.0121691
 0.0100131
 0.0100014
 0.0100569
 0.0100066
 0.0100391
 0.0100012
 0.0101587
 0.0101404
0.00879351
 0.0100392
 0.0100876
 0.0100003
  0.010012
 0.0101652
 0.0105216
0.00999832
 0.0101603
 0.0101692
 0.0102356
 0.0101231
 0.0101037
 0.0114996
   0.01022
 0.0102872
 0.0102765
 0.0102285
 0.0100172
0.00999817
 0.0100576
 0.0100109
 0.0100003
  0.010057
 0.0100565
 0.0100101
  0.009998
 0.0100163
 0.0100098
 0.0100017
 0.0100193
 0.0100024
 0.0100194
 0.0100167
 0.0100802
 0.0100752
 0.0100079
