 0.00644735
 0.00523095
 0.00595881
 0.00640148
     0.0065
 0.00628335
 0.00626769
 0.00607383
 0.00629653
 0.00627966
  0.0059591
 0.00578779
 0.00441433
 0.00523095
 0.00644729
 0.00590708
 0.00597745
 0.00480551
     0.0065
     0.0001
     0.0001
     0.0001
 0.00125978
 0.00644731
     0.0001
 0.00130266
 0.00649995
     0.0065
     0.0065
 0.00600787
     0.0001
 0.00640264
 0.00523013
0.000817364
     0.0065
 0.00628325
 0.00623522
     0.0065
 0.00649996
 0.00118605
0.000167822
 0.00523046
 0.00590666
 0.00480552
 0.00629669
 0.00203214
 0.00595859
     0.0001
 0.00051757
 0.00155381
 0.00590668
 0.00480376
 0.00575537
     0.0065
 0.00640231
 0.00609605
 0.00172328
     0.0001
 0.00441189
 0.00229202
 0.00590698
     0.0001
 0.00595854
 0.00599348
     0.0065
0.000861358
0.000871803
     0.0001
     0.0065
 0.00441145
0.000513134
     0.0001
 0.00644736
0.000566184
0.000478024
 0.00623504
     0.0001
     0.0001
 0.00492887
 0.00126616
     0.0001
     0.0001
0.000186398
     0.0001
  0.0001585
 0.00623513
0.000137881
0.000476279
     0.0001
     0.0001
0.000153122
 0.00440868
 0.00578456
 0.00164469
     0.0001
 0.00623499
  0.0062831
 0.00126517
     0.0065
0.000153785
 0.00222364
0.000655912
     0.0001
     0.0001
     0.0001
     0.0001
0.000506246
     0.0001
     0.0001
0.000127099
 0.00330224
     0.0001
 0.00220236
 0.00677358
0.000341338
 0.00681857
 0.00683898
 0.00599343
 0.00640183
0.000139716
 0.00108297
0.000110053
 0.00628313
     0.0001
 0.00164465
 0.00576095
     0.0001
     0.0001
 0.00627804
0.000100143
     0.0001
 0.00145302
 0.00629649
 0.00119687
0.000101034
0.000412166
    0.00022
0.000125221
     0.0001
 0.00628233
 0.00640253
 0.00596024
     0.0001
0.000586542
 0.00174542
0.000631697
 0.00112578
 0.00600664
0.000127816
 0.00120296
 0.00623403
     0.0001
 0.00125427
 0.00598801
     0.0001
     0.0001
0.000634012
0.000160961
 0.00441744
     0.0001
     0.0065
 0.00590587
  0.0083679
 0.00861303
 0.00640745
 0.00479649
 0.00325788
  0.0107256
 0.00642695
 0.00583684
0.000230068
0.000100157
     0.0065
 0.00712176
   0.001243
 0.00644751
 0.00441661
 0.00601165
     0.0001
 0.00627449
     0.0065
0.000472547
 0.00623443
 0.00577436
 0.00441494
 0.00112421
 0.00479057
 0.00640753
 0.00588046
 0.00649267
  0.0113424
  0.0052938
 0.00642759
 0.00477849
 0.00726241
 0.00686624
 0.00832594
 0.00656733
 0.00657423
 0.00648629
 0.00651916
  0.0062894
 0.00373092
 0.00609091
 0.00580329
 0.00731912
 0.00649261
 0.00638145
 0.00250574
 0.00628876
 0.00375666
  0.0051378
  0.0113317
 0.00657357
 0.00651997
 0.00648632
 0.00656684
 0.00649258
 0.00721417
 0.00716726
 0.00649261
 0.00628205
 0.00623363
     0.0065
     0.0065
  0.0064475
 0.00648631
  0.0062889
 0.00638003
 0.00628935
 0.00648631
 0.00651943
 0.00373448
  0.0023207
   0.003768
 0.00651932
  0.0065002
0.000586468
 0.00312648
 0.00044091
 0.00650025
 0.00650197
 0.00689011
  0.0107117
 0.00679179
 0.00650224
 0.00656758
  0.0060629
 0.00681704
 0.00650224
 0.00650021
0.000209656
  0.0030873
0.000187002
 0.00650025
 0.00652018
 0.00648633
  0.0037224
  0.0062886
 0.00648631
 0.00651955
 0.00638216
 0.00239673
 0.00628807
 0.00375525
 0.00674995
  0.0106579
 0.00684737
 0.00650209
 0.00657053
 0.00534164
 0.00675567
 0.00590666
 0.00657052
 0.00657043
 0.00549627
 0.00650234
 0.00650023
0.000600728
 0.00686155
 0.00642787
 0.00586858
 0.00640756
 0.00476507
  0.0065023
 0.00650023
 0.00680834
 0.00683612
     0.0001
 0.00649996
 0.00640223
 0.00644732
     0.0065
 0.00479413
 0.00590644
     0.0001
0.000261901
 0.00629545
 0.00590559
     0.0065
     0.0065
   0.006283
     0.0001
  0.0052314
 0.00644733
     0.0001
0.000159777
 0.00523522
 0.00161443
     0.0065
  0.0059591
 0.00185408
     0.0001
0.000567631
 0.00595946
 0.00577959
 0.00523799
 0.00640749
 0.00642666
 0.00582261
 0.00478031
 0.00517818
 0.00649255
 0.00735952
  0.0113284
 0.00840513
 0.00649255
 0.00520445
 0.00584817
 0.00640739
 0.00642713
 0.00480965
 0.00721682
  0.0113036
 0.00830371
 0.00677554
 0.00677949
  0.0060849
 0.00623467
 0.00569506
 0.00627737
 0.00640269
 0.00596138
     0.0065
 0.00649996
 0.00523212
 0.00251785
 0.00629632
     0.0001
0.000511968
 0.00640755
 0.00476149
 0.00640739
 0.00476496
 0.00334944
  0.0106076
   0.008174
 0.00857634
 0.00650202
 0.00650023
 0.00585084
 0.00642718
 0.00586926
 0.00849748
     0.0001
 0.00442415
 0.00628899
 0.00374864
 0.00649259
 0.00723716
 0.00480097
 0.00590611
 0.00477246
 0.00518852
 0.00687994
 0.00649264
  0.0064074
 0.00513668
  0.0113461
  0.0113358
 0.00516675
  0.0113145
 0.00525132
 0.00648631
 0.00651873
 0.00236786
 0.00638348
 0.00678689
 0.00682569
 0.00650023
 0.00650208
0.000147163
 0.00679671
 0.00588639
 0.00642826
     0.0001
 0.00627546
  0.0064258
  0.0113063
 0.00491294
     0.0001
     0.0001
 0.00640285
     0.0001
     0.0001
0.000172418
 0.00012065
 0.00487596
     0.0001
  0.0047966
 0.00648631
   0.006519
 0.00549925
 0.00579545
 0.00372204
 0.00628931
0.000162261
  0.0060079
  0.0068475
0.000370936
     0.0001
 0.00577435
 0.00629564
 0.00260207
0.000476016
     0.0001
     0.0001
 0.00171817
     0.0001
 0.00223923
     0.0001
 0.00319866
0.000101322
 0.00127186
 0.00628255
 0.00567515
0.000104711
0.000370288
     0.0001
     0.0001
 0.00122494
 0.00252779
0.000965042
0.000133821
 0.00218958
0.000159035
0.000117159
 0.00224225
 0.00165348
 0.00118645
 0.00132658
 0.00178657
  0.0021988
0.000104339
 0.00608777
0.000500758
0.000116048
     0.0001
     0.0001
 0.00579923
 0.00191284
     0.0001
     0.0001
 0.00315383
 0.00609694
0.000108934
 0.00013955
 0.00487986
  0.0062964
     0.0001
 0.00627058
0.000105306
 0.00320418
  0.0017257
0.000244653
     0.0001
 0.00222544
 0.00150198
     0.0001
0.000180258
 0.00123204
     0.0001
 0.00480405
     0.0001
  0.0021865
     0.0001
0.000693129
0.000143874
0.000126944
  0.0062832
0.000587091
 0.00629584
     0.0001
 0.00181776
     0.0001
     0.0001
 0.00609458
     0.0001
0.000317274
     0.0001
 0.00104212
0.000102257
0.000399282
     0.0001
