  0.010003
 0.0100466
 0.0100204
 0.0100025
      0.01
 0.0100059
 0.0100054
 0.0100098
 0.0100058
 0.0100054
 0.0100204
 0.0100167
 0.0100555
 0.0100466
  0.010003
 0.0100119
 0.0100194
 0.0100375
      0.01
 0.0104417
 0.0102824
 0.0103458
 0.0101336
  0.010003
  0.010346
 0.0101339
0.00999978
      0.01
      0.01
 0.0100195
 0.0104421
 0.0100025
 0.0100468
 0.0101621
0.00999999
 0.0100059
 0.0100061
      0.01
0.00999995
 0.0101621
 0.0102818
 0.0100468
 0.0100123
 0.0100377
  0.010006
 0.0101013
 0.0100205
 0.0104425
 0.0112547
 0.0101168
 0.0100126
 0.0100382
 0.0100166
 0.0100001
 0.0100026
 0.0100098
 0.0101183
 0.0103553
 0.0100553
 0.0100918
 0.0100129
 0.0108516
 0.0100205
 0.0100223
 0.0100001
 0.0118261
 0.0101149
 0.0108518
0.00999979
 0.0100564
  0.011257
  0.011164
  0.010003
 0.0118248
 0.0112561
 0.0100063
 0.0124952
 0.0108471
 0.0100539
 0.0101162
 0.0104435
 0.0111382
 0.0104744
 0.0104879
 0.0104889
 0.0100061
 0.0102455
 0.0112616
 0.0108464
 0.0102441
 0.0104746
 0.0100561
 0.0100188
 0.0101204
 0.0103559
 0.0100063
 0.0100059
 0.0101335
      0.01
 0.0102129
 0.0100914
 0.0123892
 0.0111645
 0.0102382
 0.0102705
 0.0102147
 0.0125163
 0.0102476
  0.012498
 0.0102492
 0.0100847
 0.0102292
 0.0100906
0.00836287
0.00454367
 0.0097709
 0.0097715
 0.0100215
 0.0100026
 0.0105154
 0.0101261
 0.0102508
 0.0100059
 0.0102384
 0.0101196
 0.0100184
 0.0102447
 0.0111393
 0.0100059
 0.0103112
 0.0106008
 0.0101192
 0.0100058
 0.0101895
  0.010249
 0.0112463
 0.0102362
 0.0102459
 0.0103497
 0.0100059
 0.0100026
 0.0100203
   0.01044
 0.0112427
 0.0101209
 0.0118586
 0.0101267
  0.010021
 0.0103092
 0.0101331
 0.0100062
 0.0103509
 0.0101325
  0.010021
 0.0104397
 0.0103496
 0.0126566
 0.0102367
 0.0100551
 0.0108463
 0.0100002
 0.0100126
0.00848714
0.00848848
0.00999338
 0.0096803
 0.0049021
0.00769432
0.00998906
0.00972526
 0.0103038
 0.0103083
 0.0100001
0.00949103
 0.0101859
  0.010003
 0.0100551
 0.0100208
 0.0103504
 0.0100059
      0.01
 0.0125282
 0.0100062
 0.0100183
 0.0100556
 0.0101285
 0.0100379
0.00999337
0.00974287
0.00999835
0.00893846
0.00964266
0.00998916
0.00968028
0.00945434
0.00976942
0.00835041
0.00998511
0.00998509
0.00999933
0.00999081
0.00997867
0.00944644
 0.0074524
0.00745248
0.00945586
 0.0100019
0.00998072
0.00891956
0.00997903
0.00945493
   0.00964
0.00894537
0.00998569
0.00999102
0.00999934
0.00998561
 0.0100027
0.00946027
0.00945485
 0.0100032
 0.0100059
 0.0100062
      0.01
      0.01
  0.010003
0.00999933
0.00997926
 0.0099829
0.00997916
0.00999933
0.00999079
0.00945751
0.00903354
0.00945487
0.00999081
0.00999954
0.00455237
0.00500094
0.00455289
 0.0100002
0.00999886
0.00833075
0.00786066
0.00832904
0.00999927
0.00998377
0.00723096
0.00640268
0.00999929
0.00999954
0.00454618
0.00495298
0.00454674
 0.0100001
0.00999087
0.00999934
0.00945335
0.00997897
0.00999934
0.00999089
0.00998099
0.00893234
  0.009979
0.00945557
0.00833771
0.00768749
0.00833625
0.00999889
 0.0099847
0.00722313
0.00639844
 0.0072259
0.00998382
0.00998447
0.00721977
0.00999911
 0.0099993
0.00454373
 0.0083626
0.00998922
0.00972692
 0.0099934
0.00968143
0.00999987
 0.0100009
 0.0097728
0.00977163
   0.01044
0.00999996
 0.0100026
  0.010003
      0.01
 0.0100379
  0.010013
 0.0108444
 0.0118583
  0.010006
 0.0100126
 0.0100006
 0.0100001
 0.0100059
 0.0111512
 0.0100464
  0.010003
 0.0124868
 0.0102497
 0.0100464
 0.0101225
      0.01
 0.0100203
 0.0101123
 0.0124815
 0.0112455
 0.0100203
 0.0100181
 0.0100464
0.00999341
 0.0099901
0.00974311
0.00967908
0.00963926
0.00999881
0.00948933
0.00894164
0.00835172
0.00999829
0.00964058
0.00972838
0.00999338
0.00998915
 0.0096813
0.00945718
0.00894084
0.00835675
0.00976829
0.00977522
 0.0100108
 0.0100062
 0.0100216
 0.0100059
 0.0100026
 0.0100203
      0.01
 0.0100001
 0.0100463
 0.0101015
 0.0100063
 0.0111508
 0.0112404
0.00999329
0.00967448
0.00999327
0.00967407
0.00493293
0.00767194
0.00837625
0.00837955
0.00999974
 0.0100007
0.00972655
0.00998904
0.00972698
0.00835377
 0.0104402
 0.0100552
0.00997863
0.00944555
  0.010002
0.00945036
  0.010038
 0.0100129
0.00967988
0.00963816
0.00977373
0.00999886
0.00999341
0.00963332
0.00895589
0.00895496
 0.0096328
0.00894822
0.00963782
0.00999934
0.00999107
0.00893838
0.00998111
0.00644661
0.00645075
0.00999933
 0.0099991
0.00454748
0.00833282
0.00973026
0.00998923
 0.0108469
  0.010006
0.00999011
0.00894669
 0.0100556
 0.0103664
 0.0111492
 0.0100026
 0.0111498
 0.0102403
 0.0105395
 0.0105131
  0.010056
 0.0108451
  0.010038
0.00999933
0.00999082
0.00726583
0.00725922
0.00945516
  0.009979
 0.0105116
 0.0100217
0.00833114
0.00454648
  0.010239
 0.0100181
  0.010006
 0.0101031
 0.0118738
 0.0105497
 0.0105829
 0.0101204
 0.0102407
 0.0100891
 0.0102468
 0.0100878
 0.0102489
 0.0101323
 0.0100059
 0.0100217
 0.0103087
   0.01268
 0.0102654
 0.0113778
 0.0101332
 0.0101032
 0.0101269
 0.0105154
 0.0100904
 0.0102375
 0.0103096
  0.010091
 0.0101277
 0.0101292
 0.0101279
 0.0101209
 0.0100905
 0.0103093
  0.010011
 0.0126846
  0.010252
 0.0102858
 0.0102388
 0.0100183
 0.0101122
 0.0103738
 0.0113752
  0.010085
 0.0100111
 0.0102361
 0.0105193
 0.0100541
 0.0100061
 0.0106029
 0.0100059
 0.0102494
 0.0100877
 0.0101211
 0.0119694
 0.0102393
 0.0100899
 0.0101255
 0.0106016
 0.0105175
 0.0101337
 0.0105843
 0.0100382
  0.010236
 0.0100902
 0.0105983
 0.0119738
 0.0103757
 0.0103126
 0.0100059
 0.0125491
 0.0100064
 0.0113771
 0.0101129
 0.0105646
 0.0113775
 0.0100109
 0.0103068
 0.0118744
 0.0106005
 0.0101892
 0.0103703
 0.0125398
 0.0102669
