 0.0100026
 0.0100407
 0.0100181
 0.0100025
      0.01
 0.0100056
 0.0100056
 0.0100112
 0.0100053
 0.0100056
 0.0100181
 0.0100173
 0.0100518
 0.0100406
 0.0100026
 0.0100121
 0.0100177
 0.0100361
      0.01
 0.0103968
 0.0103016
 0.0103325
 0.0101237
 0.0100026
 0.0103317
 0.0101237
0.00999984
      0.01
      0.01
 0.0100177
 0.0103962
 0.0100025
 0.0100396
 0.0101979
0.00999999
 0.0100056
 0.0100061
      0.01
0.00999996
 0.0101977
  0.010301
 0.0100395
 0.0100124
 0.0100363
 0.0100056
 0.0101104
 0.0100173
   0.01039
  0.011104
 0.0100973
 0.0100089
 0.0100335
 0.0100172
      0.01
 0.0100015
 0.0100111
 0.0100982
 0.0102977
 0.0100517
 0.0100995
 0.0100092
 0.0107925
 0.0100173
 0.0100009
      0.01
 0.0118611
 0.0100937
 0.0107913
0.00999984
 0.0100477
 0.0110605
 0.0110544
 0.0100026
 0.0118596
 0.0111015
 0.0100053
 0.0123351
 0.0108195
 0.0100236
 0.0100949
 0.0103897
 0.0111294
 0.0104996
 0.0105489
 0.0105499
 0.0100061
  0.010213
 0.0110591
 0.0108179
 0.0102106
 0.0104991
 0.0100474
0.00999999
 0.0100401
  0.010297
 0.0100053
 0.0100055
 0.0101286
      0.01
 0.0101883
 0.0100214
 0.0123845
  0.011054
 0.0102427
 0.0102192
 0.0101899
 0.0125401
 0.0102143
 0.0123316
 0.0100692
 0.0100407
 0.0102186
 0.0100208
0.00849287
0.00446075
 0.0099883
0.00998843
 0.0100004
 0.0100015
 0.0100079
 0.0100331
 0.0100693
 0.0100055
 0.0102422
 0.0100394
0.00999981
 0.0102108
 0.0111296
      0.01
      0.01
 0.0100294
 0.0100589
 0.0100053
 0.0100016
 0.0100023
      0.01
      0.01
      0.01
      0.01
      0.01
      0.01
      0.01
      0.01
      0.01
      0.01
      0.01
      0.01
      0.01
      0.01
      0.01
      0.01
      0.01
      0.01
      0.01
      0.01
      0.01
      0.01
      0.01
      0.01
      0.01
      0.01
      0.01
0.00846848
0.00846959
      0.01
      0.01
      0.01
0.00999923
0.00999928
0.00989711
      0.01
      0.01
      0.01
0.00956088
      0.01
      0.01
      0.01
      0.01
      0.01
      0.01
      0.01
      0.01
      0.01
      0.01
      0.01
      0.01
      0.01
0.00999449
0.00974537
0.00999949
0.00920202
      0.01
      0.01
      0.01
      0.01
0.00999954
0.00997486
 0.0099856
0.00998561
0.00999945
0.00999211
0.00998388
0.00955097
0.00743845
0.00743834
 0.0099315
  0.010002
      0.01
      0.01
      0.01
      0.01
      0.01
      0.01
      0.01
      0.01
      0.01
      0.01
      0.01
      0.01
      0.01
      0.01
      0.01
      0.01
      0.01
      0.01
      0.01
0.00999947
0.00998196
0.00998116
0.00998199
0.00999947
 0.0099921
0.00952506
 0.0089448
 0.0095258
0.00999216
0.00999976
 0.0043948
0.00498665
0.00439416
 0.0100002
0.00999982
0.00879393
0.00813417
0.00879347
      0.01
0.00999499
0.00993839
0.00993777
      0.01
      0.01
      0.01
      0.01
      0.01
      0.01
      0.01
      0.01
      0.01
      0.01
      0.01
      0.01
      0.01
      0.01
      0.01
      0.01
      0.01
      0.01
      0.01
      0.01
0.00999999
0.00999956
0.00999926
0.00999956
0.00999999
  0.009995
0.00993852
0.00999912
0.00999945
0.00446192
0.00849015
0.00999928
0.00989721
      0.01
      0.01
      0.01
      0.01
      0.01
      0.01
      0.01
      0.01
      0.01
      0.01
      0.01
      0.01
      0.01
      0.01
      0.01
      0.01
      0.01
      0.01
      0.01
      0.01
      0.01
      0.01
      0.01
      0.01
      0.01
      0.01
      0.01
      0.01
      0.01
      0.01
      0.01
      0.01
      0.01
      0.01
      0.01
0.00999447
0.00998938
0.00974492
0.00972214
0.00967799
0.00999983
0.00955981
 0.0092044
 0.0099748
      0.01
      0.01
      0.01
      0.01
      0.01
      0.01
      0.01
      0.01
0.00999982
0.00999954
0.00994731
      0.01
      0.01
      0.01
      0.01
      0.01
      0.01
      0.01
      0.01
      0.01
      0.01
      0.01
      0.01
      0.01
0.00999458
0.00972535
0.00999459
0.00972604
      0.01
0.00999922
      0.01
      0.01
      0.01
      0.01
      0.01
      0.01
      0.01
0.00999982
      0.01
      0.01
0.00998392
0.00955209
 0.0100019
0.00993133
      0.01
      0.01
0.00972113
0.00967857
0.00994727
      0.01
      0.01
0.00967604
0.00903318
0.00903433
0.00967677
      0.01
      0.01
      0.01
      0.01
      0.01
      0.01
0.00999999
      0.01
0.00999951
0.00999912
      0.01
      0.01
      0.01
      0.01
      0.01
      0.01
0.00998938
      0.01
      0.01
      0.01
      0.01
      0.01
      0.01
      0.01
      0.01
      0.01
      0.01
      0.01
      0.01
0.00999945
0.00999209
      0.01
      0.01
      0.01
      0.01
      0.01
      0.01
      0.01
      0.01
      0.01
      0.01
      0.01
      0.01
      0.01
 0.0100001
 0.0100005
      0.01
      0.01
      0.01
      0.01
      0.01
      0.01
      0.01
      0.01
      0.01
 0.0100002
 0.0100004
 0.0100002
 0.0100008
      0.01
      0.01
      0.01
      0.01
      0.01
      0.01
      0.01
      0.01
      0.01
      0.01
 0.0100332
 0.0100588
 0.0100184
      0.01
      0.01
 0.0100004
      0.01
      0.01
      0.01
      0.01
      0.01
 0.0100001
 0.0100016
  0.010041
 0.0100002
      0.01
      0.01
 0.0100239
 0.0100053
 0.0100294
      0.01
 0.0100002
      0.01
      0.01
      0.01
  0.010023
 0.0100185
      0.01
      0.01
 0.0100079
 0.0101285
      0.01
 0.0100334
  0.010023
      0.01
 0.0100005
      0.01
  0.010007
      0.01
      0.01
 0.0100048
      0.01
 0.0100008
      0.01
 0.0100032
 0.0100008
 0.0100002
 0.0100016
      0.01
 0.0100031
 0.0100002
  0.010007
 0.0100047
 0.0100023
