 0.0100027
 0.0100459
 0.0100175
 0.0100041
0.00999932
 0.0100048
 0.0100057
  0.010008
  0.010023
  0.010005
 0.0100173
 0.0100098
 0.0100503
 0.0100431
 0.0100027
 0.0100424
 0.0100168
 0.0100525
0.00999947
  0.010392
 0.0102411
 0.0103014
 0.0101264
 0.0100028
 0.0103227
   0.01013
 0.0100227
 0.0100017
 0.0100002
 0.0100111
 0.0104051
 0.0100026
  0.010041
 0.0100981
 0.0100026
 0.0100067
 0.0100077
0.00999973
 0.0100056
  0.010074
 0.0102591
 0.0100426
 0.0100012
 0.0100338
 0.0099933
 0.0100923
 0.0100174
 0.0104213
 0.0110972
 0.0102019
 0.0100515
 0.0100322
 0.0100231
 0.0100001
 0.0100008
 0.0100066
 0.0100666
 0.0102901
 0.0100733
  0.010109
 0.0100087
 0.0108517
 0.0100172
0.00988515
0.00999299
 0.0117641
 0.0102399
 0.0109179
  0.010027
 0.0100112
 0.0111952
  0.011036
 0.0100029
 0.0116846
  0.011116
 0.0100065
 0.0124378
  0.010858
0.00996512
 0.0100696
 0.0104053
 0.0112865
 0.0104577
 0.0103424
 0.0103505
 0.0100049
 0.0101992
 0.0111369
 0.0109337
 0.0102499
  0.010553
   0.01005
0.00997892
 0.0100402
 0.0103382
  0.010006
 0.0100054
  0.010125
0.00999968
  0.010151
0.00999053
 0.0122499
 0.0111038
 0.0102233
 0.0102356
0.00999134
 0.0122699
 0.0100704
 0.0124338
 0.0102424
 0.0100675
 0.0102271
 0.0100686
0.00832606
0.00442982
0.00962998
 0.0096432
0.00996684
 0.0100023
 0.0105367
 0.0101508
 0.0101807
 0.0100064
 0.0102311
 0.0101009
 0.0100111
 0.0102414
 0.0111785
 0.0100046
 0.0103192
 0.0107805
 0.0102134
 0.0100277
 0.0101247
 0.0101961
  0.011197
 0.0103438
  0.010329
 0.0102846
 0.0100047
 0.0100019
  0.010019
 0.0104263
 0.0111753
 0.0100855
 0.0118093
 0.0101095
 0.0100189
 0.0103078
 0.0101342
 0.0100048
 0.0103035
 0.0101283
 0.0100031
 0.0104322
 0.0103183
 0.0125781
 0.0102089
 0.0100561
  0.010849
0.00999098
 0.0100057
0.00875463
0.00875681
0.00998785
0.00964473
0.00482687
0.00801763
0.00998919
0.00974089
 0.0102125
 0.0103203
0.00998962
0.00957911
 0.0101364
  0.010004
  0.010078
 0.0100127
 0.0103192
 0.0100045
0.00999726
 0.0125628
  0.010004
 0.0100004
 0.0100299
0.00994104
 0.0100332
0.00999432
0.00980926
  0.010056
 0.0091699
0.00966754
0.00999117
0.00967403
0.00958838
0.00977609
0.00822244
 0.0100205
 0.0100267
0.00999984
0.00999114
0.00998265
0.00951073
0.00728004
0.00728368
0.00963508
0.00977317
0.00998372
0.00906079
0.00998069
0.00951873
0.00956564
0.00875612
0.00986933
0.00997539
 0.0100059
 0.0098737
0.00967021
 0.0093136
 0.0092673
0.00959418
 0.0100049
 0.0100059
 0.0099998
0.00999964
 0.0100029
0.00999959
 0.0099826
0.00998886
 0.0099825
0.00999936
 0.0100015
0.00950797
0.00932027
0.00953968
0.00999252
 0.0100383
0.00443815
0.00477749
0.00444262
0.00997076
   0.01004
0.00830312
0.00820385
0.00857836
  0.009989
 0.0100499
0.00699919
0.00647589
0.00998791
 0.0100376
0.00448097
 0.0048621
0.00448032
0.00998083
0.00999758
 0.0100013
0.00949094
 0.0099804
0.00999941
0.00998926
0.00998349
 0.0090606
0.00997907
0.00945207
0.00849669
0.00776327
 0.0082163
 0.0100328
0.00996443
0.00721197
0.00638275
0.00697761
 0.0100603
0.00997703
0.00720837
 0.0100179
  0.010064
0.00442653
0.00834061
0.00999046
 0.0098115
0.00998702
0.00959967
0.00992929
0.00990575
0.00950631
0.00950522
 0.0104257
 0.0100038
 0.0100011
  0.010003
0.00999799
 0.0100328
0.00995613
 0.0108022
 0.0117423
0.00999411
 0.0100026
0.00994595
0.00999477
 0.0100033
 0.0111703
 0.0100423
 0.0100048
 0.0124769
 0.0102236
 0.0100472
0.00995886
0.00999987
 0.0100181
 0.0101036
 0.0125248
 0.0111617
 0.0100189
 0.0100142
 0.0100451
0.00999468
0.00999347
 0.0098418
 0.0096949
0.00968472
 0.0100103
0.00973422
0.00891277
0.00849585
 0.0100606
0.00964727
0.00975936
0.00999378
0.00999132
0.00972701
0.00943241
0.00913484
0.00818859
0.00987279
0.00975962
 0.0100064
 0.0100033
 0.0100184
 0.0100053
 0.0100014
 0.0100183
0.00999526
0.00998492
 0.0100467
 0.0100708
0.00997012
 0.0111686
 0.0112803
0.00999492
0.00981505
0.00999437
0.00979383
0.00493419
 0.0076896
0.00813731
0.00818287
0.00994061
0.00991812
0.00967728
0.00999082
0.00977849
0.00849655
 0.0104139
 0.0100551
0.00998219
0.00948954
 0.0097479
0.00960807
 0.0100175
0.00996995
0.00976234
0.00967605
0.00987917
 0.0100102
0.00999374
0.00970166
0.00929188
0.00928111
0.00970642
0.00875222
0.00964353
 0.0100054
0.00997146
0.00917464
 0.0099878
0.00663407
 0.0066107
 0.0100611
 0.0100216
0.00451184
0.00864013
0.00972797
0.00999024
 0.0108383
 0.0100069
0.00999368
0.00890716
0.00996375
 0.0102873
 0.0111757
 0.0100034
 0.0111235
 0.0102231
  0.010399
 0.0104098
0.00999249
 0.0107724
 0.0100142
0.00999912
0.00998899
0.00736465
0.00740999
0.00955915
0.00998028
  0.010502
0.00995088
0.00859253
0.00455153
 0.0102353
  0.010034
0.00999709
 0.0100878
 0.0119644
 0.0103948
 0.0106504
 0.0101422
 0.0102339
 0.0101667
 0.0102665
 0.0101094
 0.0103006
 0.0101283
 0.0100028
 0.0100162
 0.0101645
 0.0126144
 0.0102429
 0.0114791
  0.010128
 0.0100562
 0.0100716
 0.0105072
 0.0100844
 0.0102038
 0.0102859
0.00998719
0.00992821
0.00993377
 0.0100615
 0.0100681
 0.0100769
 0.0102871
 0.0100059
 0.0129581
 0.0102407
 0.0102723
 0.0102296
 0.0100087
  0.010132
 0.0102796
 0.0116536
 0.0100408
 0.0100089
  0.010099
 0.0104958
0.00994537
0.00998817
 0.0107111
 0.0100049
 0.0103232
 0.0100772
 0.0100969
  0.012081
 0.0102713
 0.0101614
 0.0100816
 0.0107172
 0.0105356
 0.0101314
 0.0106051
 0.0100515
 0.0101715
 0.0100841
 0.0108769
 0.0119289
 0.0102232
 0.0103193
 0.0100063
 0.0127215
0.00994896
 0.0115493
  0.010092
 0.0105025
 0.0113706
 0.0100091
   0.01022
 0.0118667
  0.010708
 0.0100673
 0.0102616
  0.012448
 0.0101451
