 0.00798004
 0.00753182
 0.00780096
 0.00797836
      0.008
 0.00792871
 0.00797317
 0.00794795
 0.00793134
 0.00797274
 0.00780068
 0.00788877
 0.00742473
 0.00753162
 0.00797991
 0.00785868
 0.00797107
  0.0075076
      0.008
0.000655924
 0.00643908
 0.00656473
 0.00691844
  0.0079799
 0.00656314
 0.00690868
      0.008
      0.008
      0.008
 0.00797053
0.000910458
 0.00797844
   0.007532
 0.00771328
      0.008
 0.00792825
 0.00792121
      0.008
      0.008
 0.00771499
 0.00640296
 0.00753138
 0.00786109
 0.00751609
 0.00793195
  0.0074476
  0.0078008
0.000856092
2.95386e-05
 0.00674765
 0.00785942
  0.0075204
 0.00789016
      0.008
 0.00797838
 0.00794869
 0.00672992
 0.00656514
 0.00742363
  0.0075054
  0.0078602
 1.0091e-05
 0.00780073
 0.00797135
      0.008
8.08152e-06
 0.00749757
9.29458e-06
      0.008
 0.00742184
2.04639e-05
0.000217739
 0.00798002
1.41456e-05
 1.6773e-05
   0.007923
1.09132e-05
1.00442e-05
 0.00792791
 0.00745807
0.000669853
0.000238122
 0.00447096
 0.00726303
    0.00728
 0.00792251
 0.00524136
3.14725e-05
9.29524e-06
 0.00567577
 0.00456776
 0.00742295
 0.00789102
 0.00673779
 0.00656743
 0.00792149
 0.00792915
  0.0069533
      0.008
 0.00703083
  0.0072275
1.51328e-05
0.000266545
 0.00568462
 0.00678042
 0.00713925
   1.39e-05
 0.00526563
5.92979e-06
 0.00525747
 0.00762952
 0.00706674
 0.00722424
 0.00790337
 0.00734345
 0.00830011
 0.00830242
 0.00797118
 0.00797828
 0.00461167
 0.00747966
 0.00525305
 0.00792828
 0.00567996
  0.0067401
 0.00788877
  0.0056744
 0.00024366
 0.00797337
 0.00645476
 2.6269e-05
 0.00748613
 0.00793135
  0.0077058
  0.0070013
2.78919e-05
 0.00698217
 0.00522516
 0.00656502
 0.00792805
 0.00797845
 0.00780129
0.000707806
 2.9206e-05
 0.00674595
1.15898e-05
 0.00752016
 0.00797077
 0.00645128
 0.00694351
 0.00792187
 0.00656509
 0.00693113
 0.00797037
0.000709791
 0.00656387
1.42999e-05
  0.0071837
 0.00742289
1.02059e-05
      0.008
 0.00785961
 0.00952969
 0.00922147
 0.00799398
   0.008292
 0.00261156
 0.00795855
 0.00799612
 0.00823721
 0.00749309
 0.00636257
      0.008
 0.00869477
 0.00770807
  0.0079801
 0.00742436
 0.00797143
 0.00656559
 0.00797238
      0.008
5.36674e-06
 0.00792307
 0.00788842
 0.00742016
 0.00744727
 0.00751467
 0.00799375
 0.00824035
 0.00800153
 0.00967283
 0.00840783
 0.00799615
 0.00827398
 0.00871873
 0.00828879
 0.00930485
 0.00805053
 0.00804566
 0.00799892
 0.00803827
 0.00798951
 0.00769827
 0.00951815
 0.00958785
 0.00871307
  0.0080015
  0.0079931
 0.00758719
 0.00798965
 0.00770193
 0.00838466
 0.00966661
 0.00804467
 0.00803875
 0.00799894
 0.00805154
 0.00800156
 0.00870377
 0.00869203
 0.00800153
  0.0079287
 0.00792235
      0.008
      0.008
  0.0079801
 0.00799894
 0.00799054
 0.00799313
  0.0079888
 0.00799892
  0.0080377
 0.00771033
 0.00758391
 0.00768674
 0.00803904
 0.00800016
 0.00755001
 0.00259662
 0.00731223
 0.00800016
 0.00800156
 0.00775094
 0.00796515
 0.00797686
 0.00800154
  0.0080495
 0.00950059
 0.00732421
 0.00800156
 0.00800016
 0.00756046
 0.00256355
 0.00745701
 0.00800017
 0.00803814
 0.00799895
 0.00768894
 0.00798945
 0.00799892
 0.00803791
 0.00799307
 0.00758784
 0.00799046
 0.00771954
 0.00788165
 0.00799238
 0.00781119
 0.00800149
 0.00804877
 0.00949256
 0.00753551
 0.00960762
 0.00804673
  0.0080475
 0.00957094
 0.00800148
 0.00800016
 0.00747712
 0.00786524
 0.00799612
 0.00824295
 0.00799415
 0.00827326
 0.00800147
 0.00800015
 0.00831542
 0.00830811
0.000838822
      0.008
 0.00797815
 0.00797995
      0.008
 0.00751198
 0.00786123
1.00992e-05
2.25379e-05
 0.00793181
 0.00785934
      0.008
      0.008
 0.00792896
0.000232488
 0.00753094
 0.00797995
 1.1052e-05
 0.00528909
 0.00753293
 0.00671697
      0.008
 0.00780043
 0.00745495
1.03762e-05
1.93283e-05
  0.0078007
 0.00789034
 0.00753334
 0.00799419
  0.0079961
 0.00824478
 0.00829268
 0.00837358
 0.00800154
 0.00871666
 0.00961222
 0.00946693
 0.00800151
 0.00840602
  0.0082417
 0.00799391
  0.0079961
 0.00828744
 0.00869392
 0.00961369
 0.00947038
 0.00833067
 0.00830489
 0.00794787
 0.00792269
 0.00789832
  0.0079733
 0.00797846
  0.0078015
      0.008
      0.008
 0.00753131
 0.00749289
 0.00793223
0.000236623
1.96763e-05
 0.00799397
  0.0082801
 0.00799391
 0.00828486
 0.00257612
 0.00801901
 0.00961831
 0.00916202
 0.00800162
 0.00800017
 0.00824375
 0.00799616
 0.00824404
  0.0092838
0.000823342
 0.00742487
 0.00798946
 0.00769499
 0.00800152
 0.00869951
  0.0075187
 0.00786101
 0.00827757
 0.00845724
 0.00831824
 0.00800152
 0.00799423
  0.0084296
 0.00963687
 0.00964473
 0.00840526
 0.00961202
 0.00843786
 0.00799894
 0.00803761
 0.00758485
 0.00799312
  0.0072111
 0.00788825
 0.00800017
  0.0080016
 0.00750402
 0.00786232
 0.00824108
 0.00799614
1.02246e-05
 0.00797322
 0.00799619
 0.00966515
 0.00792856
 0.00752551
0.000224721
 0.00797828
0.000243161
 0.00568285
 0.00726367
  0.0043248
  0.0079274
9.97216e-06
 0.00752048
 0.00799893
 0.00803825
 0.00966952
 0.00941256
 0.00770461
 0.00799021
 0.00462216
 0.00797049
 0.00780174
 0.00750831
 0.00571034
 0.00789012
 0.00793121
 0.00749354
1.65425e-05
 0.00726898
5.32393e-05
 0.00674256
 0.00571211
 0.00722202
 0.00700186
  0.0076319
 0.00530184
 0.00695194
 0.00792964
 0.00789702
 0.00749839
1.07105e-05
 0.00685913
0.000207755
 0.00691492
 0.00751367
 0.00746567
 0.00438572
  0.0072244
 0.00703134
 0.00645216
 0.00722203
 0.00748165
 0.00750862
 0.00747242
 0.00747902
 0.00722372
 0.00639059
 0.00794915
1.17685e-05
 0.00521163
 0.00678243
  0.0056782
 0.00788894
 0.00745815
 0.00750449
0.000255347
 0.00763459
 0.00794751
 0.00713267
 0.00462257
 0.00792747
 0.00793234
7.09474e-05
 0.00797268
 0.00701528
 0.00763277
  0.0067241
9.71477e-06
  0.0071338
 0.00722716
  0.0074837
2.02052e-05
 0.00440172
 0.00689989
 6.6134e-05
 0.00750802
 0.00704655
 0.00722513
4.50712e-05
9.40519e-06
 0.00752381
 0.00637583
 0.00797256
1.06624e-05
 0.00793285
0.000414945
 0.00744031
3.59706e-05
0.000256282
   0.007949
 0.00751325
1.05046e-05
5.47907e-05
 0.00771476
 0.00752266
1.18948e-05
 0.00687643
