 0.00649925
 0.00646092
 0.00648307
 0.00649534
     0.0065
 0.00648961
 0.00648736
 0.00647369
 0.00648915
 0.00648752
 0.00648323
 0.00646742
 0.00641244
 0.00646119
  0.0064992
 0.00647499
 0.00647124
 0.00642212
 0.00649996
   0.006005
 0.00588138
 0.00560956
 0.00615056
 0.00649929
 0.00561697
 0.00615533
 0.00649988
     0.0065
     0.0065
 0.00647184
 0.00601984
 0.00649538
 0.00645415
 0.00620557
     0.0065
 0.00648981
 0.00648919
     0.0065
 0.00650003
 0.00620473
 0.00587628
 0.00645476
 0.00647484
 0.00642072
 0.00648908
 0.00624249
 0.00647857
 0.00594172
 0.00221597
 0.00621781
 0.00646447
 0.00640798
 0.00646687
 0.00649995
 0.00649448
 0.00647413
 0.00621006
 0.00549138
 0.00641272
  0.0062654
 0.00646471
 0.00344392
 0.00647877
 0.00649989
 0.00649996
2.11388e-05
 0.00624885
 0.00345019
 0.00650002
 0.00638648
 0.00256532
 0.00428861
 0.00649917
0.000108218
 0.00219565
 0.00648585
0.000111243
 0.00385494
  0.0064594
 0.00619973
 0.00595204
 0.00481593
 0.00494085
 0.00813284
 0.00894593
  0.0064889
 0.00566278
 0.00258146
  0.0038589
 0.00603007
 0.00497311
 0.00638647
 0.00650275
 0.00632774
 0.00549276
  0.0064859
 0.00648801
 0.00614765
     0.0065
 0.00625227
  0.0112915
 0.00199057
 0.00436918
 0.00646041
  0.0148154
 0.00624112
 0.00316864
  0.0056898
8.50569e-05
 0.00583131
 0.00638367
  0.0113807
  0.0108527
 0.00504308
0.000673743
0.000917906
 0.00427209
 0.00649611
 0.00649435
 0.00555834
 0.00632154
 0.00583412
 0.00648806
 0.00653529
 0.00634514
 0.00649811
 0.00625527
 0.00491831
 0.00650446
 0.00627867
  0.0264011
 0.00631587
 0.00648777
 0.00639562
  0.0131979
  0.0243054
  0.0116029
  0.0152224
  0.0185002
 0.00680576
 0.00676598
  0.0075303
    0.01896
  0.0214405
  0.0109683
  0.0146639
  0.0100336
 0.00648808
  0.0108734
  0.0125323
 0.00699165
  0.0173913
  0.0124949
 0.00669531
  0.0186303
  0.0185507
  0.0165686
  0.0115589
  0.0102951
  0.0247049
  0.0065133
 0.00773817
 0.00582312
 0.00595676
 0.00679404
  0.0139865
 0.00996168
  0.0050166
  0.0065113
 0.00660343
 0.00853546
  0.0109051
 0.00649756
 0.00578398
 0.00781778
 0.00658719
  0.0103345
 0.00671123
  0.0174195
 0.00658319
 0.00649977
  0.0168062
 0.00698726
 0.00676094
 0.00889398
  0.0100261
 0.00837652
 0.00649512
 0.00626942
 0.00653593
 0.00550289
  0.0105107
 0.00661072
 0.00956968
  0.0116066
  0.0085965
 0.00727247
 0.00649333
 0.00649168
 0.00649957
 0.00649127
 0.00647969
 0.00590719
0.000113079
 0.00195485
 0.00613889
 0.00648162
 0.00652186
 0.00792866
  0.0072687
  0.0157162
  0.0125287
  0.0132438
 0.00665527
 0.00691949
  0.0065339
 0.00665454
 0.00646249
 0.00567355
    0.00585
 0.00645301
 0.00683657
 0.00682056
     0.0065
     0.0065
 0.00658365
 0.00649972
 0.00648084
 0.00648542
 0.00648093
 0.00649973
 0.00649009
 0.00594691
 0.00546961
 0.00595984
 0.00648995
 0.00650002
0.000771903
 0.00136403
0.000795636
 0.00650006
  0.0065008
 0.00511903
 0.00978445
 0.00508213
 0.00650079
 0.00650623
 0.00390675
   0.020688
  0.0065011
 0.00650107
  0.0270204
  0.0296399
  0.0270161
 0.00649993
 0.00644406
 0.00649945
  0.0135038
 0.00682216
 0.00649951
 0.00644171
 0.00666663
  0.0151232
 0.00682007
  0.0135007
  0.0188673
  0.0163613
  0.0187869
 0.00650078
 0.00651278
 0.00882023
 0.00073097
 0.00844486
 0.00651358
 0.00650618
 0.00368401
 0.00649991
 0.00649989
0.000706156
 0.00500971
 0.00650585
 0.00649347
 0.00678938
  0.0139092
 0.00650973
 0.00651259
0.000520896
 0.00850529
  0.0185385
 0.00649899
 0.00661783
 0.00658514
     0.0065
 0.00879621
 0.00771615
  0.0246576
  0.0148507
 0.00685839
 0.00709987
 0.00647564
  0.0065022
 0.00683933
  0.0262514
 0.00839487
 0.00658881
  0.0251792
   0.015313
 0.00843726
  0.0109382
 0.00649999
 0.00741699
 0.00768063
  0.0251822
  0.0214594
 0.00754244
 0.00676345
 0.00836276
 0.00649505
 0.00649119
  0.0062614
  0.0062118
 0.00574885
 0.00652289
 0.00605555
  0.0055022
 0.00714794
 0.00642256
  0.0104534
 0.00976261
 0.00657791
 0.00661011
 0.00959975
  0.0116571
  0.0135638
  0.0071991
 0.00807262
   0.001488
 0.00663447
 0.00682103
 0.00675328
 0.00658113
 0.00661631
 0.00740058
 0.00649987
 0.00649758
 0.00845677
  0.0075911
 0.00685557
  0.0263133
  0.0242255
 0.00649353
 0.00619084
 0.00649361
 0.00619327
  0.0121472
 0.00423368
  0.0107305
  0.0108024
 0.00650466
 0.00649392
 0.00943194
 0.00654256
 0.00978616
 0.00698843
  0.0190633
 0.00886641
 0.00647915
 0.00589633
 0.00647721
 0.00625378
 0.00837473
 0.00708631
 0.00620652
  0.0057372
 0.00557089
 0.00641972
 0.00657721
 0.00585663
 0.00554653
 0.00553014
 0.00584693
  0.0132805
  0.0125925
 0.00653349
 0.00691025
 0.00728548
 0.00651174
  0.0106291
 0.00443887
 0.00650002
 0.00649995
  0.0230757
  0.0147659
 0.00943512
 0.00653807
  0.0241499
  0.0064967
 0.00649107
  0.0135984
 0.00676762
  0.0116476
  0.0257857
 0.00676181
   0.025726
  0.0164977
  0.0124707
  0.0144815
 0.00675106
  0.0241322
 0.00878368
 0.00649955
 0.00649129
  0.0108292
  0.0103196
  0.0156212
 0.00725212
  0.0145344
 0.00649765
  0.0147146
  0.0231752
   0.016479
 0.00684638
 0.00678818
 0.00649302
 0.00472332
 0.00996815
  0.0273514
 0.00905078
  0.0159746
  0.0117674
  0.0140286
 0.00706016
  0.0103279
  0.0118186
 0.00680503
 0.00650798
 0.00648991
 0.00540118
  0.0146635
  0.0226392
  0.0117794
 0.00650682
 0.00832976
 0.00666639
  0.0119982
 0.00839235
 0.00625817
  0.0117034
 0.00716664
 0.00831946
 0.00631721
  0.0062426
  0.0108033
 0.00633215
 0.00650973
 0.00523355
  0.0103608
  0.0167329
  0.0160972
 0.00684521
 0.00643024
 0.00995382
  0.0245066
 0.00637801
 0.00649959
 0.00831958
 0.00669357
 0.00645997
 0.00648773
  0.0247631
 0.00650233
  0.0124686
 0.00702812
 0.00907671
 0.00392086
  0.0064406
  0.0112425
 0.00710648
  0.0284583
 0.00559596
 0.00615047
  0.0270473
 0.00640821
 0.00647631
  0.0120554
  0.0280477
 0.00525925
  0.0103748
 0.00635811
 0.00649991
 0.00274198
 0.00678819
  0.0225721
 0.00649555
  0.0259178
  0.0243271
 0.00649257
 0.00623919
 0.00517682
  0.0259447
  0.0065563
  0.0104386
 0.00256513
  0.0157707
