  0.0074285
 0.00576885
 0.00674833
 0.00735394
 0.00749906
 0.00721404
 0.00718151
  0.0069018
 0.00717629
 0.00719632
 0.00674419
 0.00652115
 0.00451698
 0.00577495
 0.00742844
 0.00657014
 0.00675699
 0.00535022
  0.0075087
     0.0001
0.000115926
     0.0001
0.000853544
 0.00742843
     0.0001
0.000930348
 0.00743136
 0.00749951
     0.0075
 0.00671049
     0.0001
  0.0073575
 0.00577456
     0.0001
 0.00749871
 0.00721389
 0.00715081
 0.00749948
  0.0075191
0.000104597
     0.0001
 0.00577294
 0.00663753
  0.0053931
 0.00718676
 0.00165838
 0.00674713
     0.0001
0.000404243
 0.00018238
  0.0065979
 0.00539059
 0.00647423
 0.00742643
 0.00735696
 0.00691819
 0.00051147
     0.0001
 0.00443957
 0.00187986
 0.00667051
     0.0001
 0.00674566
 0.00691185
 0.00747604
0.000120636
0.000100021
     0.0001
 0.00748211
  0.0045435
 0.00044273
0.000151618
 0.00742852
0.000140302
0.000438994
 0.00715395
     0.0001
     0.0001
 0.00509839
0.000321965
     0.0001
0.000247862
0.000105983
0.000108572
0.000100155
 0.00715119
     0.0001
0.000338543
     0.0001
0.000165475
0.000105596
 0.00451701
 0.00654764
0.000870813
     0.0001
 0.00715381
 0.00721424
0.000859111
 0.00749998
     0.0001
 0.00239538
0.000131807
0.000128588
0.000182036
     0.0001
0.000138075
  0.0001261
     0.0001
     0.0001
     0.0001
 0.00295361
0.000102161
 0.00179713
 0.00786118
 0.00305989
 0.00790298
 0.00789445
 0.00672136
 0.00735675
0.000106001
0.000326276
     0.0001
 0.00721461
0.000166983
0.000450044
 0.00652046
0.000168463
0.000134301
 0.00718939
     0.0001
     0.0001
0.000510134
 0.00720409
0.000112398
 0.00010214
0.000427946
     0.0001
     0.0001
     0.0001
 0.00721401
 0.00735805
 0.00674582
     0.0001
0.000432165
0.000543249
0.000129717
0.000506207
 0.00677735
0.000132123
0.000844695
 0.00715202
     0.0001
 0.00070686
 0.00695179
     0.0001
     0.0001
0.000144463
0.000129215
 0.00452193
     0.0001
   0.007381
  0.0066611
  0.0102173
  0.0102572
 0.00736662
 0.00451339
   0.003622
  0.0133712
 0.00739284
 0.00646797
     0.0001
0.000100398
 0.00753008
 0.00816093
0.000108819
 0.00742848
 0.00450053
 0.00673233
     0.0001
 0.00718754
 0.00750219
     0.0001
 0.00715614
 0.00658756
 0.00460358
0.000964026
  0.0053844
 0.00736568
 0.00652044
  0.0074861
  0.0147431
 0.00419784
 0.00739287
  0.0045532
 0.00817521
 0.00796457
  0.0102017
 0.00758546
 0.00758216
  0.0074802
 0.00751223
 0.00720042
 0.00338729
 0.00667458
 0.00648408
 0.00840058
 0.00755898
  0.0073262
 0.00191925
 0.00719981
 0.00343632
 0.00426148
  0.0147702
 0.00757216
 0.00749068
 0.00747957
 0.00759502
 0.00739708
 0.00822665
 0.00825908
 0.00760354
  0.0072143
 0.00715383
 0.00749998
 0.00749997
 0.00742849
  0.0074798
  0.0071996
  0.0073232
 0.00720002
 0.00747978
 0.00751757
 0.00340675
 0.00184157
 0.00342186
 0.00750617
 0.00753567
 0.00325213
 0.00355888
 0.00316971
 0.00752278
 0.00751779
  0.0078616
  0.0134714
 0.00783747
 0.00750636
 0.00759144
 0.00669111
 0.00812887
 0.00749657
 0.00747077
 0.00332538
 0.00359022
 0.00323733
   0.007478
 0.00750195
 0.00747979
 0.00339808
 0.00719992
 0.00747979
 0.00750883
 0.00732589
 0.00191004
 0.00720034
 0.00341808
 0.00786547
  0.0133826
 0.00784492
 0.00749057
 0.00758111
 0.00655578
 0.00811706
 0.00646618
 0.00757579
   0.007584
 0.00663761
 0.00749901
 0.00746712
 0.00350109
 0.00782301
 0.00739327
  0.0064595
 0.00736648
 0.00462605
 0.00747988
 0.00743442
 0.00789012
 0.00789324
     0.0001
 0.00751564
 0.00735804
 0.00742851
 0.00750004
 0.00538957
 0.00677631
     0.0001
     0.0001
 0.00718867
 0.00663638
 0.00773068
 0.00748019
 0.00721587
0.000169651
 0.00577741
 0.00742849
     0.0001
     0.0001
 0.00577507
0.000932633
 0.00750017
 0.00674825
 0.00170225
     0.0001
 0.00034481
 0.00674667
 0.00653923
 0.00577455
 0.00736575
 0.00739262
 0.00643345
 0.00456681
 0.00422826
 0.00749177
 0.00855383
  0.0147384
  0.0101348
 0.00749327
 0.00419506
  0.0064561
 0.00736573
 0.00739401
 0.00455498
  0.0084867
  0.0146754
  0.0102001
 0.00781968
 0.00782785
 0.00691422
 0.00715889
 0.00636326
 0.00719856
 0.00735424
  0.0067446
 0.00750143
 0.00753737
 0.00577312
 0.00212799
 0.00736203
0.000181644
0.000358411
 0.00736596
  0.0046492
 0.00736554
 0.00449609
 0.00358633
  0.0133732
  0.0102964
  0.0101068
 0.00751834
 0.00754117
 0.00652212
 0.00739434
 0.00652295
  0.0102506
     0.0001
 0.00452814
 0.00719969
 0.00342865
 0.00740025
 0.00843253
 0.00545839
 0.00680449
 0.00457393
 0.00419415
 0.00797708
 0.00748802
 0.00736575
 0.00418784
  0.0147768
  0.0146603
 0.00418385
  0.0146332
 0.00418699
 0.00748035
 0.00752511
 0.00192479
 0.00732576
 0.00812001
 0.00811948
 0.00753858
 0.00750728
 0.00324341
 0.00792732
 0.00649949
 0.00739299
     0.0001
 0.00719738
  0.0073912
  0.0146837
  0.0050444
0.000100928
0.000154019
 0.00735759
0.000140286
  0.0001692
     0.0001
     0.0001
 0.00523338
     0.0001
  0.0054342
 0.00747934
 0.00750268
 0.00672009
  0.0064464
 0.00336959
 0.00719985
0.000105971
 0.00672531
 0.00779198
 0.00327538
0.000154375
  0.0065309
 0.00722099
 0.00223128
0.000134884
0.000104208
     0.0001
0.000501606
0.000163481
 0.00172472
     0.0001
 0.00273768
     0.0001
0.000714239
 0.00721509
 0.00632909
0.000101328
0.000155381
0.000101394
     0.0001
0.000873292
 0.00211595
0.000281176
0.000110191
 0.00184905
0.000113845
     0.0001
 0.00238155
 0.00150933
0.000990815
0.000360452
0.000920386
 0.00183323
0.000109211
 0.00691379
     0.0001
     0.0001
0.000100851
0.000152711
 0.00653806
 0.00164545
0.000103576
     0.0001
 0.00298248
 0.00692455
     0.0001
     0.0001
 0.00532348
 0.00720985
     0.0001
 0.00718991
     0.0001
 0.00292729
0.000513683
0.000134791
     0.0001
 0.00176223
0.000892333
     0.0001
 0.00010686
0.000834278
     0.0001
 0.00537272
0.000111879
 0.00183423
     0.0001
     0.0001
     0.0001
0.000119034
 0.00719708
 0.00014834
 0.00730007
     0.0001
 0.00152156
     0.0001
     0.0001
 0.00692762
0.000101376
0.000143472
     0.0001
     0.0001
0.000103018
0.000125528
     0.0001
s