 0.00650182
 0.00658826
 0.00653252
 0.00650474
 0.00650003
 0.00650087
 0.00652032
 0.00657069
 0.00652428
 0.00652633
 0.00653397
 0.00659715
 0.00669852
  0.0065917
 0.00650189
 0.00651836
 0.00655714
 0.00651843
 0.00649883
 0.00783843
 0.00850985
 0.00646646
 0.00652264
 0.00650189
 0.00648407
 0.00651416
 0.00650216
 0.00650002
     0.0065
 0.00659256
 0.00789103
 0.00650512
   0.006588
  0.0089876
 0.00650003
 0.00650092
 0.00650248
 0.00650003
 0.00649951
 0.00956092
 0.00903296
 0.00659126
 0.00651481
 0.00651545
 0.00651996
 0.00748012
 0.00653254
 0.00784414
  0.0110017
 0.00725554
 0.00651663
 0.00651447
 0.00657835
 0.00650538
 0.00650476
 0.00659452
  0.0074809
 0.00646773
 0.00669423
 0.00730203
 0.00651318
 0.00609151
 0.00653378
 0.00654797
 0.00650071
  0.0162265
 0.00742552
 0.00612228
  0.0065033
 0.00668566
  0.0109144
 0.00894018
 0.00650182
   0.017041
   0.011151
  0.0065023
0.000622301
  0.0060702
 0.00650835
 0.00779526
 0.00789736
 0.00898115
 0.00911282
 0.00619312
 0.00607109
  0.0065025
 0.00785987
  0.0110537
 0.00611152
 0.00734662
 0.00862232
 0.00669456
 0.00658413
 0.00732759
 0.00648756
 0.00650244
 0.00650078
 0.00651744
     0.0065
 0.00894021
 0.00681468
 0.00422458
 0.00909381
 0.00741197
 0.00769371
 0.00756951
  0.0012619
 0.00734403
0.000627464
 0.00797376
 0.00684497
 0.00850695
 0.00694062
  0.0068994
 0.00609806
 0.00624773
 0.00631058
 0.00655121
 0.00650463
 0.00872803
 0.00737711
 0.00736943
 0.00650082
 0.00745785
 0.00716855
 0.00656584
 0.00743161
 0.00902484
 0.00652341
 0.00885072
 0.00937118
 0.00697131
 0.00651211
 0.00964665
 0.00863576
  0.0111156
 0.00913652
 0.00775374
  0.0064515
 0.00650073
 0.00650478
 0.00653202
 0.00781285
  0.0109248
 0.00718561
   0.014859
 0.00726754
 0.00655381
 0.00830162
   0.006505
 0.00650241
 0.00643979
 0.00649837
 0.00654646
 0.00791319
 0.00647229
 0.00087022
 0.00810932
 0.00668454
  0.0060623
 0.00650808
 0.00651398
  0.0029301
 0.00295242
 0.00650399
 0.00680717
  0.0137141
 0.00730049
 0.00651183
 0.00674203
  0.0102573
 0.00897107
 0.00649922
 0.00546969
 0.00887108
 0.00650179
 0.00669945
 0.00655387
 0.00646086
 0.00652443
     0.0065
  0.0054148
 0.00650215
 0.00658735
 0.00669399
 0.00735239
 0.00651522
 0.00650399
 0.00680698
 0.00628941
 0.00518174
 0.00679678
 0.00650939
 0.00678899
 0.00550332
 0.00635501
 0.00335302
 0.00648314
 0.00650794
 0.00650046
 0.00650192
 0.00650544
 0.00661304
  0.0117015
  0.0108101
 0.00590281
 0.00649449
 0.00652398
 0.00716852
 0.00650547
 0.00660866
 0.00685701
 0.00520197
 0.00651678
 0.00650339
 0.00650048
 0.00647801
 0.00648622
 0.00584102
 0.00549874
 0.00652605
 0.00650077
 0.00650233
     0.0065
     0.0065
 0.00650178
 0.00650046
 0.00650532
 0.00652068
 0.00650558
 0.00650047
 0.00650202
 0.00660162
 0.00699011
 0.00660307
 0.00650279
 0.00649753
 0.00600602
  0.0129087
 0.00592155
 0.00649916
 0.00649865
 0.00681253
 0.00638295
 0.00687507
 0.00649931
 0.00649146
   0.011412
 0.00688975
 0.00650041
 0.00650147
 0.00592827
 0.00964245
 0.00593341
  0.0065023
 0.00650234
 0.00650045
 0.00659762
 0.00650543
 0.00650047
 0.00650237
  0.0065168
 0.00642298
 0.00650495
 0.00658583
 0.00692038
 0.00545956
 0.00682122
 0.00650098
 0.00649906
 0.00978098
 0.00761083
  0.0106984
 0.00650605
 0.00649424
  0.0101284
 0.00650044
 0.00650077
 0.00603194
 0.00691628
 0.00650899
 0.00671303
 0.00650381
 0.00677824
  0.0065012
 0.00650378
 0.00628313
 0.00622911
 0.00781058
 0.00649944
 0.00650507
 0.00650191
     0.0065
 0.00651441
 0.00650867
 0.00606093
  0.0169053
  0.0065154
 0.00651557
 0.00649282
 0.00650084
 0.00650037
  0.0091732
 0.00659288
 0.00650192
0.000670098
 0.00722856
 0.00658654
 0.00739241
     0.0065
 0.00653429
 0.00721384
0.000658037
  0.0111963
 0.00653434
  0.0065675
 0.00658621
 0.00650389
 0.00651114
 0.00671886
 0.00678895
 0.00680331
 0.00649067
 0.00569711
 0.00512404
 0.00281944
 0.00661637
 0.00682874
 0.00673332
 0.00650398
 0.00650805
 0.00677038
 0.00530413
 0.00521819
 0.00339528
 0.00632484
 0.00632755
 0.00658116
 0.00650221
  0.0066286
 0.00651783
  0.0065047
 0.00653189
     0.0065
 0.00649957
 0.00659279
 0.00732384
 0.00642236
 0.00886686
  0.0108456
 0.00650389
 0.00678225
 0.00650398
 0.00680281
  0.0135753
 0.00643316
   0.002882
 0.00287686
 0.00649908
 0.00649872
 0.00682807
 0.00651243
 0.00663258
 0.00276566
 0.00791561
 0.00668491
  0.0065053
  0.0066091
 0.00652121
 0.00559083
 0.00650799
 0.00650794
 0.00678137
 0.00682366
 0.00626413
 0.00655233
 0.00650376
 0.00684177
 0.00516216
 0.00517504
 0.00684774
 0.00518977
 0.00687892
 0.00650045
 0.00650199
 0.00727037
 0.00651813
 0.00820665
 0.00672771
 0.00649798
  0.0064998
 0.00608928
  0.0069488
 0.00675597
  0.0065096
 0.00606786
 0.00651971
 0.00650999
 0.00513394
 0.00650442
 0.00622914
 0.00886835
 0.00650493
 0.00909495
 0.00750001
 0.00602987
 0.00897159
 0.00650671
 0.00603283
 0.00650979
 0.00650047
 0.00650263
  0.0106784
  0.0116452
 0.00660852
 0.00650543
 0.00796019
 0.00658521
 0.00700167
 0.00604454
 0.00738838
 0.00657481
 0.00650412
 0.00746509
  0.0168042
 0.00640305
 0.00913533
  0.0072506
 0.00745101
 0.00699674
 0.00842769
 0.00681982
  0.0075475
 0.00649688
 0.00650052
 0.00662413
 0.00957769
  0.0017823
 0.00787445
 0.00303218
 0.00650904
 0.00731338
 0.00712429
 0.00810571
 0.00690319
 0.00898653
 0.00843361
 0.00683391
 0.00679211
 0.00713219
 0.00765512
 0.00701026
 0.00692583
 0.00821643
 0.00658317
 0.00171517
 0.00721175
 0.00790171
 0.00739379
 0.00659902
 0.00727122
 0.00641072
 0.00327173
 0.00675142
 0.00659775
 0.00775092
 0.00865014
 0.00650572
 0.00651053
 0.00915911
 0.00651744
 0.00831277
 0.00671646
 0.00748708
  0.0153359
 0.00886359
 0.00694372
 0.00683447
  0.0088977
 0.00935341
 0.00651676
 0.00872292
 0.00651672
 0.00799727
 0.00690507
 0.00948728
  0.0165778
 0.00634984
 0.00914284
  0.0065274
 0.00332018
 0.00645553
   0.002943
 0.00718885
 0.00842111
 0.00268415
 0.00656857
 0.00966067
  0.0140876
 0.00886279
 0.00917204
 0.00632809
 0.00318498
 0.00792693
