 0.0060046
0.00599998
0.00599923
0.00600081
  0.005986
0.00621666
0.00599982
     0.006
0.00620823
0.00559481
     0.006
     0.006
     0.006
0.00649717
     0.006
     0.006
     0.006
0.00573216
0.00596183
0.00585863
0.00599959
0.00599789
0.00466572
0.00465386
0.00600147
0.00593361
 0.0058498
0.00566593
0.00345732
0.00284276
0.00569421
0.00282581
     0.006
     0.006
0.00600005
0.00599487
     0.006
0.00599999
0.00599948
0.00593917
0.00599996
     0.006
0.00596179
0.00578562
     0.006
 0.0059999
0.00599986
0.00600872
     0.006
0.00599136
     0.006
     0.006
     0.006
0.00599521
0.00599997
0.00599927
 0.0027024
0.00599705
0.00602667
0.00599968
0.00605324
     0.006
0.00599999
     0.006
0.00599753
0.00599997
     0.006
     0.006
0.00599904
 0.0059705
0.00600001
0.00570066
0.00238551
0.00599998
0.00599284
0.00145602
0.00471808
0.00599982
0.00599999
0.00599137
0.00599989
0.00601374
 0.0051445
     0.006
0.00599599
     0.006
0.00585822
0.00600015
     0.006
0.00600676
0.00423544
0.00599917
     0.006
0.00599995
     0.006
0.00599955
0.00599906
 0.0060117
0.00599938
0.00600019
0.00553136
0.00599997
0.00618517
     0.006
0.00704706
     0.006
 0.0059999
0.00601824
     0.006
0.00599999
0.00600001
     0.006
0.00582456
0.00599274
     0.006
0.00362056
     0.006
0.00599999
     0.006
 0.0060003
0.00599996
     0.006
0.00574206
0.00600119
0.00606813
0.00599906
0.00599997
 0.0059996
0.00593289
0.00500836
0.00599996
0.00599998
     0.006
     0.006
     0.006
     0.006
0.00599986
0.00587444
0.00600089
     0.006
0.00599901
0.00597053
     0.006
0.00599999
0.00586322
 0.0060002
0.00603243
0.00601872
0.00599988
0.00546058
     0.006
 0.0059987
     0.006
     0.006
     0.006
0.00599999
0.00599953
0.00581686
0.00616804
0.00527626
0.00599016
0.00598911
0.00599964
0.00600001
0.00599999
0.00599974
     0.006
0.00599996
     0.006
     0.006
0.00599994
     0.006
0.00599946
     0.006
0.00600019
0.00600042
0.00599998
0.00488241
0.00455517
     0.006
     0.006
     0.006
0.00600131
0.00586254
 0.0057466
     0.006
 0.0059903
     0.006
0.00599935
0.00600126
0.00585306
0.00600007
 0.0060012
0.00600518
0.00600462
0.00599419
     0.006
     0.006
0.00599817
     0.006
     0.006
     0.006
0.00600198
0.00600006
 0.0059962
0.00601145
     0.006
0.00599985
 0.0059401
0.00599833
0.00599318
0.00600001
0.00599985
     0.006
0.00599999
0.00600001
0.00587855
0.00595768
0.00492682
0.00567125
0.00600001
0.00600015
0.00599935
     0.006
0.00586281
0.00796546
     0.006
     0.006
0.00599725
0.00599843
0.00630288
0.00586816
     0.006
     0.006
0.00599994
0.00599999
0.00599896
0.00599968
0.00597442
0.00614464
0.00596712
0.00599997
 0.0059474
0.00599702
0.00599999
0.00599993
0.00599362
0.00598781
0.00599951
0.00592824
0.00599988
0.00600958
     0.006
0.00600101
0.00599993
0.00599729
     0.006
     0.006
0.00599903
0.00599676
0.00600011
