  1.00761 -0.169476
-0.169476  0.288401
  2.01934 0.0281037
0.0281037  0.645204
 0.654045  0.144362
 0.144362 -0.174145
 0.612455 -0.160759
-0.160759  -0.24996
0.948666 0.145247
0.145247  0.24038
 0.973037 -0.119511
-0.119511  0.273798
 0.950583 0.0950575
0.0950575  0.246193
   1.14723 -0.0247146
-0.0247146   0.384039
  1.21368 0.0133546
0.0133546  0.436516
   2.11792 -0.0158366
-0.0158366   0.712224
   0.266871 -0.00393358
-0.00393358   -0.379695
0.724936 0.249043
0.249043 -1.47622
  -0.544038 -0.00108287
-0.00108287    -2.92297
   2.60575 -0.0810303
-0.0810303    1.29355
  5.15197 0.0104093
0.0104093   1.98817
  4.65366 -0.155761
-0.155761   1.50082
    4.51257 -0.00298413
-0.00298413     1.79049
 4.78494 0.155526
0.155526  1.56645
0.484183 0.141561
0.141561 -1.31237
 4.32733 0.264853
0.264853  1.21221
 -0.050628 0.00168825
0.00168825   -2.73687
-0.577792 0.0101234
0.0101234  -2.93716
   2.1076 0.0543254
0.0543254  0.785546
 0.482585 -0.141701
-0.141701  -1.29661
  2.63579 0.0761755
0.0761755   1.31249
   1.42015 0.00628248
0.00628248    1.03041
  4.41137 -0.221593
-0.221593   1.30061
-0.0579493  0.0172745
 0.0172745   -2.82566
  -0.173647 -0.00384293
-0.00384293    -2.59054
   -0.2089 0.00615151
0.00615151   -2.70993
   2.12822 -0.0535105
-0.0535105   0.787675
 2.02784 0.119104
0.119104 0.707376
  2.04131 -0.119796
-0.119796  0.736742
 0.685629 -0.261693
-0.261693  -1.30775
 0.588281 -0.071992
-0.071992 -0.443245
   5.6146 0.0451274
0.0451274   1.59219
0.591164 0.508141
0.508141 -2.64463
   5.58404 -0.0660583
-0.0660583    1.58858
 0.621741 -0.527232
-0.527232  -2.67261
  5.62811 0.0958651
0.0958651   1.56748
0.634347  0.55909
 0.55909 -2.70325
 0.624602 -0.570936
-0.570936  -2.68277
  5.67185 -0.103593
-0.103593   1.61683
  1.09652 0.0727135
0.0727135   0.85171
 0.552794 0.0434139
0.0434139 -0.503434
  0.559007 -0.0488006
-0.0488006   0.293273
0.601318 0.051705
0.051705 0.346372
 0.274346 0.0791001
0.0791001 -0.634791
  0.255186 -0.0970001
-0.0970001    -0.6284
  0.411872 -0.0282075
-0.0282075  0.0706585
 0.395445 0.0201032
0.0201032 0.0303768
   1.95876 -0.0832395
-0.0832395   0.269799
 0.457365 -0.427507
-0.427507  -1.81065
    1.9979 -0.0396849
-0.0396849   0.251695
  1.95258 0.0821496
0.0821496  0.315837
0.440926 0.431175
0.431175 -1.80638
 0.222957 -0.397703
-0.397703  -2.13067
0.237977 0.392735
0.392735 -2.13074
  2.08473 0.0408529
0.0408529  0.336337
 2.52865 0.156921
0.156921 0.532964
  2.24387 -0.281723
-0.281723  0.286774
  2.54152 -0.153834
-0.153834  0.563616
 2.22311 0.327435
0.327435 0.306815
   1.00884 -0.0483531
-0.0483531   0.845022
   1.09093 -0.0190978
-0.0190978   0.614804
    1.09363 0.000724286
0.000724286    0.634219
  0.833369 -0.0162504
-0.0162504   0.171953
 0.845302 0.0195879
0.0195879  0.177613
 0.805585 0.0196121
0.0196121  0.127774
   0.759951 -0.00055618
-0.00055618   0.0895673
  0.759435 -0.0111172
-0.0111172  0.0812326
 0.770517 0.0126647
0.0126647  0.102893
 0.789756 -0.017206
-0.017206  0.154024
  0.752904 0.00276603
0.00276603  0.0990237
   0.560541 -0.00562888
-0.00562888  -0.0301061
  0.297546 -0.0360291
-0.0360291 -0.0604589
  0.969062 0.00932181
0.00932181   0.545203
  0.522043  0.0101982
 0.0101982 -0.0618469
   0.32631 -0.0343342
-0.0343342 -0.0198745
   0.172849 0.000869369
0.000869369   -0.161227
  0.808406 -0.0180885
-0.0180885   0.322729
   0.29301  0.0348461
 0.0348461 -0.0700577
  0.296667  0.0400514
 0.0400514 -0.0649911
   0.16688 0.00136472
0.00136472  -0.171814
  0.878723 0.00110264
0.00110264   0.183304
   0.958061 -0.00168468
-0.00168468    0.525526
 0.828883 0.0333321
0.0333321  0.333073
 0.869051 0.0238347
0.0238347  0.361165
   0.524241 -0.00707767
-0.00707767  -0.0552525
  0.861754 -0.0210703
-0.0210703   0.356199
     0.73024 -0.000708168
-0.000708168   0.00173093
 0.885616 0.0080951
0.0080951  0.422532
    0.951097 -0.000868133
-0.000868133     0.533093
   0.887356 -0.00729063
-0.00729063    0.475967
  0.939985 0.00527282
0.00527282   0.519092
  0.633746 -0.0100072
-0.0100072   0.082942
   0.66595 0.00877167
0.00877167  0.0986035
 0.650093 0.0136423
0.0136423 0.0971052
   0.634725 -0.00821801
-0.00821801   0.0861606
  0.522552 -0.0319013
-0.0319013   0.108277
  0.757927 -0.0531137
-0.0531137   0.297148
   0.51854 -0.0330192
-0.0330192   0.102227
  0.768418 -0.0563817
-0.0563817   0.319598
 0.767388 0.0582588
0.0582588  0.308142
 0.516946 0.0351397
0.0351397 0.0962031
 0.518759 0.0297738
0.0297738  0.102906
  0.76731 0.0518977
0.0518977  0.296833
  0.778464 0.00530371
0.00530371  0.0286306
  0.846062 -0.0021253
-0.0021253   0.238822
   0.881216 -0.00697343
-0.00697343    0.285463
   0.825908 -0.00347035
-0.00347035   0.0751669
  0.838232 0.00100926
0.00100926  0.0806042
  0.75416 -0.022449
-0.022449 0.0534392
  0.91185 0.0128083
0.0128083   0.30115
   0.913461 -0.00806148
-0.00806148     0.30379
    0.905908 -0.000544102
-0.000544102     0.182541
   0.899087 -0.00415144
-0.00415144    0.167131
  0.757304 0.00589721
0.00589721   0.193158
   0.738724 -0.00421331
-0.00421331    0.179471
 0.785762 0.0051604
0.0051604  0.229925
   0.768079 -0.00134201
-0.00134201    0.209647
  0.812448 -0.0466165
-0.0466165   0.309047
  0.81117 0.0475973
0.0475973  0.300963
   0.8019 -0.045978
-0.045978  0.300601
0.817638 0.049885
0.049885 0.305225
  0.551141 -0.0121962
-0.0121962 0.00931862
 0.638722 0.0156434
0.0156434  0.107783
 0.652711 0.0260303
0.0260303  0.128934
   0.65197 -0.0108283
-0.0108283   0.119227
  0.639148 -0.0148779
-0.0148779   0.117098
   0.764682 -0.00782099
-0.00782099  0.00776224
    0.702 0.0038741
0.0038741 0.0134782
   0.695465 -0.00212437
-0.00212437    0.011057
    0.794574 -0.000944311
-0.000944311      0.15174
 0.642852  0.151221
 0.151221 -0.198033
 0.539129 -0.150248
-0.150248  -0.26027
 0.846748 -0.138805
-0.138805  0.168959
  0.957395 -0.0951219
-0.0951219   0.261373
   1.16212 -0.0185664
-0.0185664   0.391337
  1.29213 0.0208968
0.0208968  0.612852
 0.824002  0.194886
 0.194886 -0.109292
  1.17659 0.0547929
0.0547929  0.392063
  2.3274 0.014267
0.014267  1.03904
 4.74886 0.158271
0.158271  1.52832
  4.77062 -0.044138
-0.044138   1.88799
 -0.561801 0.00127258
0.00127258   -2.91509
   4.58924 0.00337988
0.00337988    1.85128
  4.74167 -0.150379
-0.150379   1.55412
   2.64605 -0.0704803
-0.0704803    1.35741
 0.302135 0.0117417
0.0117417 -0.338108
 -0.633665 -0.0299079
-0.0299079   -3.10498
 0.457278 -0.138295
-0.138295  -1.31233
 0.634507 -0.259342
-0.259342  -1.27435
  2.63293 0.0824968
0.0824968   1.29567
0.513332 0.150222
0.150222 -1.28988
  4.35412 -0.195356
-0.195356   1.38768
 5.04933 0.205008
0.205008  1.45242
  1.39144 0.0194122
0.0194122  0.993682
0.681633 0.130383
0.130383 -1.36853
  -0.184365 0.000811593
0.000811593    -2.67849
-0.0710945 -0.0215514
-0.0215514   -2.83639
 -0.210487 -0.0293677
-0.0293677   -2.67683
 -0.0508594 0.000610322
0.000610322    -2.54925
   2.1141 0.0566623
0.0566623  0.789175
  2.09892 0.0950296
0.0950296  0.770789
  2.02822 -0.123473
-0.123473  0.715889
   2.02149 -0.0536364
-0.0536364   0.694138
  5.6783 0.104942
0.104942  1.58395
0.671685 0.566946
0.566946 -2.64952
0.705695 0.614134
0.614134   -2.733
    0.583 -0.504053
-0.504053  -2.63459
   5.74108 -0.0319837
-0.0319837    1.64872
   5.6884 -0.123913
-0.123913   1.64851
0.606606 -0.59624
-0.59624 -2.71623
 5.54345 0.160216
0.160216  1.50762
0.957845 -0.01687
-0.01687 0.734834
  0.509048 -0.0535984
-0.0535984  -0.525748
 0.626995  0.091364
 0.091364 -0.358853
   0.49309 -0.0151021
-0.0151021   0.284689
 0.586185 0.0578489
0.0578489  0.336871
 1.23124 0.186978
0.186978 0.676708
 0.231615 -0.111434
-0.111434 -0.646547
 0.267667 0.0866733
0.0866733 -0.641988
 0.416304 0.0206406
0.0206406 0.0576472
 0.497516 0.0250438
0.0250438  0.224026
   2.16821 -0.0346685
-0.0346685   0.432359
  1.97455 0.0549582
0.0549582  0.330711
   1.93041 -0.0819217
-0.0819217   0.250761
  2.00172 0.0370514
0.0370514  0.264265
 0.440556 -0.422643
-0.422643  -1.84043
0.236696 0.399294
0.399294 -2.15758
 0.172182 -0.396971
-0.396971  -2.18219
0.369419 0.417388
0.417388 -2.08388
   2.651 0.146648
0.146648  1.04493
   2.2004 -0.352833
-0.352833  0.287054
  2.59004 -0.147744
-0.147744  0.630931
 2.43474 0.146234
0.146234 0.426016
 2.56485 0.169863
0.169863  0.55677
  1.01227 0.0428234
0.0428234  0.823097
  1.09562 -0.019339
-0.019339  0.622197
    1.14854 -0.00870819
-0.00870819    0.726689
 0.798024 0.0392668
0.0392668 -0.202779
 0.851423 0.0194564
0.0194564  0.192644
 0.840552 -0.017372
-0.017372  0.172882
  0.80868 0.0223385
0.0223385  0.133333
    0.755223 -0.000478612
-0.000478612    0.0886118
  0.773036 -0.0108193
-0.0108193   0.104938
 0.777347 0.0115818
0.0115818  0.103747
  0.807935 -0.0285911
-0.0285911   0.155887
   0.803532 -0.00406357
-0.00406357    0.138514
   0.567225 -0.00262189
-0.00262189 -0.00879325
    0.2102 0.00527136
0.00527136  -0.137364
    0.27487 -0.00386173
-0.00386173   -0.094916
   0.733488 -0.00339822
-0.00339822   0.0163463
   0.986228 -0.00276951
-0.00276951    0.559948
  0.971947 0.00749268
0.00749268   0.538255
  0.541155 0.00891113
0.00891113 -0.0396924
 0.864022 0.0244004
0.0244004  0.353738
  0.84639 0.0307549
0.0307549  0.363324
   0.890213 -0.00243478
-0.00243478    0.207862
  0.258832 -0.0383522
-0.0383522 -0.0770521
 0.368995 0.0405793
0.0405793 -0.020904
  0.265406  0.0376183
 0.0376183 -0.0832892
  0.325615 -0.0357151
-0.0357151  -0.011133
  0.873967 -0.0209527
-0.0209527   0.380849
  0.808031 -0.0227013
-0.0227013   0.319052
  0.521816 -0.0127795
-0.0127795 -0.0489196
  0.951516 0.00589419
0.00589419   0.526951
   0.874862 -0.00558069
-0.00558069    0.435289
   0.962199 -0.00218348
-0.00218348    0.537304
 0.950847 0.0140257
0.0140257   0.52374
   0.646532 -0.00787711
-0.00787711    0.082092
   0.650732 -0.00851604
-0.00851604   0.0915565
 0.656152 0.0129641
0.0129641 0.0968824
 0.649183 0.0146391
0.0146391 0.0953476
   0.7553 -0.047244
-0.047244  0.290556
  0.765257 -0.0499584
-0.0499584   0.306432
 0.794781 0.0503382
0.0503382  0.337775
  0.527221 -0.0281133
-0.0281133   0.107565
 0.506524 0.0236403
0.0236403 0.0920756
 0.498903 0.0251644
0.0251644 0.0829992
 0.775081 0.0504613
0.0504613   0.31276
       0.5 -0.0243249
-0.0243249  0.0874751
  0.786621 0.00464448
0.00464448  0.0439658
   0.883333 -0.00169832
-0.00169832    0.275933
   0.851376 -0.00276879
-0.00276879    0.246755
   0.838845 0.000825774
0.000825774    0.100231
  0.843758 -0.0022543
-0.0022543  0.0893085
   0.73894 -0.0274834
-0.0274834  0.0471206
  0.904966 0.00854367
0.00854367   0.292495
  0.922126 -0.0101936
-0.0101936     0.3051
   0.900765 -0.00152542
-0.00152542     0.18348
  0.900663 0.00491424
0.00491424    0.17409
  0.759579 0.00105034
0.00105034   0.199814
   0.722983 -0.00116699
-0.00116699    0.158867
  0.769187 0.00223501
0.00223501   0.210892
   0.743403 0.000469628
0.000469628    0.174286
0.808268 0.047365
0.047365 0.287541
 0.823489 0.0466959
0.0466959  0.301179
  0.810935 -0.0442437
-0.0442437    0.30147
  0.781242 -0.0420627
-0.0420627   0.277077
  0.565218 -0.0261557
-0.0261557  0.0211494
 0.660483 0.0203745
0.0203745  0.123801
0.667653 0.022771
0.022771 0.135469
  0.646417 -0.0111145
-0.0111145   0.121031
  0.661688 -0.0191566
-0.0191566   0.132176
   0.779218 -0.00377138
-0.00377138   0.0317384
   0.726744 0.000372593
0.000372593   0.0331591
 0.716291 0.0023478
0.0023478 0.0372055
   0.834703 -0.00945595
-0.00945595     0.21076
  0.770479 0.00203901
0.00203901   0.102362
  0.761228 0.00149729
0.00149729  0.0904438
  0.746059 -0.0128835
-0.0128835  0.0778216
 0.853012 0.0268812
0.0268812  0.206447
  0.78062 0.0187329
0.0187329  0.114361
  0.789666 -0.0192305
-0.0192305   0.118493
   0.794013 -0.00449518
-0.00449518    0.143025
   0.77771 -0.0121385
-0.0121385   0.126713
  0.905398 0.00893068
0.00893068   0.291014
    0.90417 -0.00650845
-0.00650845    0.473535
  0.209253 -0.0106004
-0.0106004  -0.133108
  0.216088 0.00571841
0.00571841  -0.127308
  0.864159 0.00716422
0.00716422   0.437495
  0.983294 0.00366182
0.00366182   0.558071
   0.947823 -0.00426656
-0.00426656    0.521591
 0.657995 -0.015281
-0.015281  0.106713
   1.00762 0.00189876
0.00189876   0.590653
  0.895789 0.00962491
0.00962491   0.463341
    0.899628 -0.000815515
-0.000815515     0.291929
  0.771771 0.00150463
0.00150463  0.0609403
  0.692547 0.00683716
0.00683716    0.14342
 0.646348 0.0100337
0.0100337 0.0839688
  0.897769 0.00386819
0.00386819   0.292135
      0.649 -0.00623994
-0.00623994   0.0879634
   0.868296 -0.00137063
-0.00137063      0.1398
  0.357093 -0.0424771
-0.0424771 -0.0360197
  0.247194  0.0308344
 0.0308344 -0.0930029
  0.386608  0.0386435
 0.0386435 0.00319524
  0.243909 -0.0332313
-0.0332313  -0.100263
  0.847718 -0.0256721
-0.0256721   0.361018
 0.875906 0.0238592
0.0238592   0.37166
 0.860412 0.0221625
0.0221625  0.371882
  0.857425 -0.0259375
-0.0259375   0.350351
0.527971 0.021761
0.021761 0.111234
 0.785503 0.0456271
0.0456271  0.331024
 0.774112 0.0492519
0.0492519  0.311138
 0.504045 0.0246995
0.0246995 0.0901577
   0.50565 -0.0228458
-0.0228458  0.0996597
  0.792418 -0.0487118
-0.0487118   0.330211
  0.528684 -0.0236162
-0.0236162   0.109056
  0.782048 -0.0468604
-0.0468604   0.320576
   0.841671 -0.00375822
-0.00375822   0.0973715
    0.59928 -0.00855945
-0.00855945    0.020542
  0.560014  0.0205228
 0.0205228 -0.0143687
   0.821366 -0.00296287
-0.00296287   0.0656241
   0.828597 8.69709e-05
8.69709e-05   0.0772516
   0.8305 0.0180454
0.0180454  0.122827
  0.531765 0.00911875
0.00911875  -0.048564
    0.54788 -0.00551177
-0.00551177  -0.0240553
  0.673029 0.00337323
0.00337323 -0.0398858
   0.687731 -0.00657878
-0.00657878  -0.0339769
  0.832486 -0.0468345
-0.0468345   0.314954
  0.809342 -0.0440654
-0.0440654   0.294156
0.798986 0.047488
0.047488 0.282737
 0.809161 0.0420274
0.0420274  0.297016
   0.776663 -0.00260163
-0.00260163     0.22001
  0.755627 0.00206659
0.00206659   0.207406
   0.740651 0.000321109
0.000321109    0.172408
   0.767841 -0.00174254
-0.00174254     0.21432
   0.836707 -0.00062918
-0.00062918    0.262659
 0.675284 0.0217291
0.0217291  0.142238
  0.665528 -0.0204085
-0.0204085   0.141639
  0.667153 -0.0289516
-0.0289516   0.131571
 0.672617 0.0192852
0.0192852  0.149736
  0.891752 0.00913136
0.00913136   0.147672
  0.910718 0.00845093
0.00845093   0.243547
   0.896187 -0.00331869
-0.00331869    0.242204
   0.780945 -0.00353286
-0.00353286    0.119666
 0.533072 -0.146584
-0.146584 -0.278009
 0.849134 -0.143657
-0.143657  0.171835
  0.69693  0.145984
 0.145984 -0.160221
  0.966614 -0.0987497
-0.0987497   0.270034
  1.29729 0.0231124
0.0231124  0.609679
   1.20006 -0.0157676
-0.0157676   0.409301
0.818661 0.195967
0.195967 -0.10484
  1.16099 0.0612253
0.0612253  0.381302
  2.33994 0.0105504
0.0105504   1.03502
  1.3927 0.021062
0.021062 0.992219
 5.01969 0.205985
0.205985  1.44192
   4.72424 -0.0371314
-0.0371314    1.85991
0.680836 0.133342
0.133342 -1.35459
 4.41825 -0.19794
-0.19794  1.41635
  4.68528 -0.164068
-0.164068   1.51077
   4.55148 -0.0179775
-0.0179775    1.81267
   2.66983 -0.0642075
-0.0642075    1.36782
 -0.633691 -0.0281491
-0.0281491   -3.10189
 -0.591963 -0.0138218
-0.0138218     -2.966
   -0.14496 -0.00825599
-0.00825599    -2.59444
 0.614618 -0.258444
-0.258444  -1.31482
0.484985 -0.15226
-0.15226 -1.29692
  1.97625 -0.121583
-0.121583  0.678182
 0.282074 0.0164832
0.0164832 -0.365995
 4.93328 0.159144
0.159144  1.60919
-0.0971147 -0.0290151
-0.0290151   -2.89399
  2.67366 0.0917716
0.0917716   1.32124
  -0.0576653 -0.000652876
-0.000652876     -2.54769
 -0.207459 -0.0298018
-0.0298018   -2.66961
  2.09183 0.0957953
0.0957953  0.768362
     2.021 -0.0523149
-0.0523149   0.694819
0.480125 0.143901
0.143901 -1.34896
  2.13034 0.0502518
0.0502518  0.791589
 5.54466 0.153104
0.153104  1.51784
0.690304 0.608957
0.608957 -2.74487
 0.614259 -0.599573
-0.599573  -2.72716
  5.68617 -0.127428
-0.127428   1.64382
   5.73099 -0.0266904
-0.0266904     1.6334
 0.574457 -0.499563
-0.499563  -2.66754
 5.64018 0.125082
0.125082  1.56728
0.701137 0.585507
0.585507 -2.70216
  0.964113 -0.0181733
-0.0181733   0.739381
  0.28226 0.0915843
0.0915843 -0.615839
 0.628606 0.0957386
0.0957386 -0.354829
  0.494779 -0.0575693
-0.0575693  -0.549973
 0.588168 0.0578912
0.0578912  0.335696
  0.493728 -0.0144149
-0.0144149   0.280574
 1.23204 0.188298
0.188298 0.668751
 0.233959 -0.108246
-0.108246 -0.642768
 0.430242 0.0228901
0.0228901 0.0754438
 0.494995 0.0243294
0.0243294  0.218177
0.313826  0.41656
 0.41656 -2.08999
  1.98282 0.0573471
0.0573471  0.331719
   2.18002 -0.0382184
-0.0382184   0.452717
  2.03918 0.0355074
0.0355074  0.279448
 0.456092 -0.421354
-0.421354  -1.83008
 0.37122 0.415574
0.415574 -2.06528
 0.190634 -0.405959
-0.405959  -2.16281
   1.98677 -0.0911843
-0.0911843   0.287263
 2.62636 0.149828
0.149828  1.02974
 2.41329  0.14602
 0.14602 0.416278
  2.59998 -0.146098
-0.146098  0.632834
  2.18124 -0.353102
-0.353102   0.25569
 2.50306 0.137563
0.137563 0.493903
 0.990217 0.0406769
0.0406769  0.804229
    1.14263 -0.00470036
-0.00470036    0.721294
   1.08113 -0.0246128
-0.0246128   0.618799
 0.782068 0.0400662
0.0400662 -0.233827
 0.848068 0.0176536
0.0176536   0.18271
 0.810059 0.0184248
0.0184248  0.131054
  0.835867 -0.0178258
-0.0178258   0.180418
   0.760484 -0.00082992
-0.00082992   0.0896012
  0.759076 -0.0114137
-0.0114137  0.0819654
 0.764238 0.0130305
0.0130305  0.101584
  0.798996 -0.0209302
-0.0209302   0.161717
  0.759412 0.00165181
0.00165181   0.102087
   0.559819 -0.00735182
-0.00735182  -0.0301075
    0.17235 -0.00110818
-0.00110818   -0.159928
   0.735511 0.000173192
0.000173192  0.00636588
  0.170602 0.00385849
0.00385849   -0.16651
  0.320861  0.0393781
 0.0393781 -0.0498735
  0.516872 0.00737444
0.00737444 -0.0647779
 0.945784 0.0058321
0.0058321  0.523362
   0.960409 -0.00121562
-0.00121562    0.527136
  0.973036 0.00530931
0.00530931   0.551306
 0.858025 0.0237269
0.0237269  0.351134
 0.655187 0.0126964
0.0126964  0.100972
  0.83091 0.0315061
0.0315061  0.336391
  0.291995  0.0330476
 0.0330476 -0.0690628
  0.333643 -0.0363644
-0.0363644 -0.0125794
     0.88116 -0.000684781
-0.000684781     0.184331
   0.81031 -0.0202809
-0.0202809   0.326248
  0.304707  -0.034727
 -0.034727 -0.0491497
   0.950402 -0.00465982
-0.00465982    0.526976
  0.907174 0.00609317
0.00609317   0.458855
   0.515689 -0.00876144
-0.00876144  -0.0603398
   0.888146 -0.00684146
-0.00684146    0.475901
   0.635523 -0.00998325
-0.00998325   0.0832552
  0.861078 -0.0200874
-0.0200874    0.35916
  0.638287 -0.0115434
-0.0115434  0.0869268
   0.65878 0.00633662
0.00633662  0.0946071
  0.521534 -0.0327989
-0.0327989   0.106837
  0.747974 -0.0533153
-0.0533153   0.290725
 0.767745 0.0527247
0.0527247  0.297117
 0.512304 0.0301178
0.0301178  0.100419
 0.507084 0.0300999
0.0300999 0.0871411
0.756585 0.052873
0.052873 0.293102
  0.520591 -0.0325733
-0.0325733   0.102922
  0.765496 -0.0554406
-0.0554406   0.315363
  0.784791 0.00565847
0.00565847  0.0332423
  0.911617 -0.0088698
-0.0088698   0.301137
   0.881392 -0.00707952
-0.00707952    0.284506
  0.853527 -0.0028408
-0.0028408   0.247621
   0.826233 -0.00267793
-0.00267793   0.0772982
  0.835773 0.00134443
0.00134443  0.0784308
  0.754514 -0.0232228
-0.0232228  0.0525406
 0.909269 0.0117976
0.0117976  0.295842
   0.905994 -0.00101551
-0.00101551    0.182276
   0.901269 -0.00275775
-0.00275775    0.169157
   0.731207 -0.00627541
-0.00627541    0.175099
   0.749231 0.000784827
0.000784827    0.182204
  0.790999 -0.0485852
-0.0485852   0.290306
  0.788107 0.00560943
0.00560943    0.23196
 0.815204 0.0467615
0.0467615    0.3083
   0.754736 -0.00101808
-0.00101808     0.19779
 0.803043 0.0472031
0.0472031  0.289002
  0.794289 -0.0463277
-0.0463277   0.292682
  0.547713 -0.0149808
-0.0149808 0.00617477
 0.650002 0.0260119
0.0260119  0.126732
  0.643879 -0.0150799
-0.0150799   0.121881
  0.656494 -0.0142848
-0.0142848   0.125974
 0.635965 0.0146895
0.0146895  0.104951
   0.764988 -0.00805123
-0.00805123  0.00709323
   0.697004 -0.00164208
-0.00164208   0.0117623
  0.702691 0.00310371
0.00310371  0.0128402
   0.802608 -0.00273732
-0.00273732    0.158779
 0.559477  0.145289
 0.145289 -0.233909
 0.638649 -0.151638
-0.151638 -0.211991
0.854057 0.145069
0.145069 0.176374
 0.944875 0.0926629
0.0926629  0.252943
  1.15743 0.0185566
0.0185566   0.37668
   1.26715 -0.0218678
-0.0218678   0.584863
  0.833758  -0.190085
 -0.190085 -0.0835409
   1.13636 -0.0501065
-0.0501065   0.356371
   2.30845 -0.0054119
-0.0054119    1.01235
    4.50336 -0.00969375
-0.00969375     1.79833
  4.67878 0.0496743
0.0496743   1.82989
   1.38922 -0.0136298
-0.0136298   0.965685
   2.59266 -0.0830532
-0.0830532    1.25818
-0.609945 0.0249125
0.0249125  -3.06879
 -0.544088 0.00430075
0.00430075   -2.89275
 0.515743 -0.153417
-0.153417  -1.27498
 0.682821 -0.124891
-0.124891  -1.36347
  0.308877 -0.0105255
-0.0105255  -0.354936
 4.77366 0.149306
0.149306  1.57502
 4.64631 -0.16187
-0.16187  1.47518
  5.06237 -0.199087
-0.199087   1.46267
 4.37519 0.197262
0.197262  1.39618
  2.62901 0.0737388
0.0737388    1.3342
0.452446 0.135402
0.135402 -1.32114
0.628531 0.263769
0.263769 -1.28145
 -0.186239 0.00367785
0.00367785   -2.66709
-0.113434  0.012796
 0.012796  -2.92234
-0.202478 0.0253242
0.0253242  -2.66516
-0.0854853  0.0103803
 0.0103803    -2.6122
  2.05445 0.0583509
0.0583509  0.705455
   2.09476 -0.0989941
-0.0989941   0.765794
 2.00912 0.125708
0.125708 0.697171
   2.14326 -0.0607201
-0.0607201     0.7902
0.590911 0.582027
0.582027  -2.7305
 5.62834 0.112541
0.112541  1.62179
 0.715901 -0.593335
-0.593335  -2.68843
   5.4345 -0.150054
-0.150054    1.4586
   5.66138 -0.0909653
-0.0909653    1.58591
 0.643422 -0.554848
-0.554848  -2.67379
  5.69857 0.0220833
0.0220833   1.62429
0.580766 0.490824
0.490824 -2.63272
 0.951481 0.0208927
0.0208927   0.72119
  0.618607 -0.0811107
-0.0811107   -0.38405
  0.49591 0.0442897
0.0442897 -0.559249
  0.590596 -0.0532741
-0.0532741   0.310398
 0.515706 0.0152083
0.0152083  0.288637
  1.24882 -0.185277
-0.185277  0.689651
  0.279199 -0.0845349
-0.0845349  -0.635713
 0.249405  0.106445
 0.106445 -0.634203
  0.421628 -0.0223542
-0.0223542  0.0427365
  0.483359 -0.0184096
-0.0184096   0.191626
   2.00917 -0.0447427
-0.0447427   0.267966
   1.98488 -0.0611914
-0.0611914   0.334788
  1.95016 0.0894926
0.0894926  0.280163
  2.15532 0.0401122
0.0401122     0.417
 0.248037 -0.396597
-0.396597  -2.11705
 0.399138 -0.403333
-0.403333  -2.03216
0.186365  0.38788
 0.38788 -2.14846
0.456074 0.417629
0.417629 -1.81297
  2.63338 -0.147877
-0.147877   1.02853
  2.51636 -0.169835
-0.169835  0.525318
  2.40179 -0.135414
-0.135414  0.401314
 2.55476 0.137216
0.137216 0.602679
 2.17123 0.348878
0.348878 0.259574
  0.994791 -0.0374038
-0.0374038   0.799472
  1.16715 0.0137248
0.0137248   0.72183
  1.10433 0.0127341
0.0127341  0.608858
  0.778473 -0.0381383
-0.0381383  -0.237377
  0.864186 -0.0755174
-0.0755174   0.119967
 0.876731 0.0877834
0.0877834  0.141584
   1.33928 -0.0414651
-0.0414651   0.624097
 0.628493  0.177736
 0.177736 -0.233108
0.961648 0.124184
0.124184 0.202481
   1.0288 -0.122042
-0.122042  0.244092
  0.775198 -0.0891737
-0.0891737  0.0290921
  0.97348 -0.100318
-0.100318  0.194975
  0.35501 0.0757879
0.0757879 -0.529726
 -0.115805 -0.0098547
-0.0098547   -2.79053
 -0.551974 -0.0369074
-0.0369074   -2.95952
 0.554933 0.0707405
0.0707405 -0.432399
   4.86355 -0.0233317
-0.0233317    1.97817
   4.69217 -0.0188105
-0.0188105    1.84888
-0.132108 0.0241572
0.0241572  -2.77049
 -0.553941 0.00994509
0.00994509   -2.79086
 0.807274 0.0112734
0.0112734  0.372889
   1.96178 -0.0491304
-0.0491304   0.726918
  1.96861 -0.174442
-0.174442  0.612782
  0.593282 -0.0530094
-0.0530094   -0.41623
 1.94858 0.070531
0.070531 0.700577
   0.01047 0.00214761
0.00214761   -2.99155
-0.0660664 -0.0204277
-0.0204277   -2.48744
  0.552923 0.00824412
0.00824412   0.164677
  1.98496 0.0204078
0.0204078  0.540227
 4.41291 0.142441
0.142441  1.43298
  4.44892 -0.158486
-0.158486   1.39076
  4.59011 -0.175158
-0.175158   1.50605
 4.91308 0.170444
0.170444  1.56681
0.349277 0.142927
0.142927 -1.54955
 0.540288 -0.221569
-0.221569  -1.34707
 0.386617 -0.148587
-0.148587  -1.41323
0.487814 0.188236
0.188236 -1.38181
 0.640031 -0.514881
-0.514881  -2.66915
   5.68451 -0.0494115
-0.0494115    1.59575
   5.64765 -0.0165938
-0.0165938    1.43777
  5.73742 0.0112435
0.0112435   1.65479
0.556714 0.486074
0.486074 -2.66111
 0.678982 -0.464264
-0.464264  -2.54697
 5.60957 0.111861
0.111861  1.59455
0.616926 0.576606
0.576606 -2.70771
 0.741907 0.0106564
0.0106564  0.561363
 2.60309 0.154979
0.154979  1.20536
   2.31254 -0.0687396
-0.0687396    1.01431
 0.772223 0.0235326
0.0235326  0.541083
   0.776329 -0.00740353
-0.00740353    0.543996
0.684282 0.118666
0.118666   0.3489
   2.42898 -0.0373915
-0.0373915    1.14166
  2.58979 0.0396007
0.0396007    1.2851
   1.71977 0.00688627
0.00688627    1.29849
  1.66948 0.0185496
0.0185496   1.24755
 0.380016 -0.390992
-0.390992  -2.05041
0.451745 0.379593
0.379593  -1.8563
0.475147 -0.41118
-0.41118 -1.86654
0.249736 0.404391
0.404391 -2.08687
  2.08252 0.0470046
0.0470046  0.301062
   1.94412 -0.0901817
-0.0901817   0.316538
    2.1176 -0.0371656
-0.0371656    0.38799
  1.95046 0.0422652
0.0422652 0.0930176
  0.689896 -0.0466058
-0.0466058  -0.530955
 2.43157 0.136936
0.136936 0.473039
 2.17852 0.320793
0.320793 0.240444
  2.31139 -0.365631
-0.365631  0.370422
 2.31815 -0.28728
-0.28728  0.30543
 0.295211 0.0937723
0.0937723 0.0832304
 0.166142 0.0615506
0.0615506 -0.620164
  0.290088 -0.0302591
-0.0302591  -0.502334
  0.821385 -0.0411404
-0.0411404   0.197174
    0.762767 -0.000623901
-0.000623901    0.0942128
 0.729129  0.013912
 0.013912 0.0564662
   0.78074 0.00258002
0.00258002   0.112565
  0.836479 -0.0194777
-0.0194777   0.185786
 0.781273 -0.019614
-0.019614  0.113705
 0.781644 0.0169887
0.0169887  0.116683
  0.769873 0.00226557
0.00226557   0.117642
0.779286 0.012776
0.012776 0.121132
   0.908095 -0.00972088
-0.00972088    0.287824
   0.992131 -0.00117506
-0.00117506    0.580065
    0.87088 -0.00368788
-0.00368788    0.144863
  0.201088 0.00445053
0.00445053  -0.142826
  0.313513  0.0382031
 0.0382031 -0.0614982
  0.173462 0.00375664
0.00375664  -0.159753
  0.886199 0.00659832
0.00659832   0.443619
  0.979227 0.00384065
0.00384065   0.553019
    0.89533 -0.00278876
-0.00278876    0.287281
 0.659075 0.0079642
0.0079642 0.0934131
 0.834958 0.0303439
0.0303439   0.33263
 0.656267 0.0168295
0.0168295  0.101456
   0.850543 -0.00513467
-0.00513467    0.432385
  0.910095 0.00408599
0.00408599    0.47238
   0.754695 -0.00206615
-0.00206615   0.0499624
   0.679705 -0.00520543
-0.00520543    0.136968
   0.912809 -0.00846449
-0.00846449     0.49926
  0.311614 -0.0318743
-0.0318743 -0.0400969
    0.895133 -0.000943699
-0.000943699     0.297559
  0.256973 -0.0331539
-0.0331539 -0.0963311
  0.307665  0.0378957
 0.0378957 -0.0677719
  0.853006 -0.0268158
-0.0268158    0.35677
0.861856 0.021722
0.021722 0.354445
   0.640042 -0.00726714
-0.00726714   0.0876721
  0.868669 -0.0180135
-0.0180135   0.371221
 0.519876 0.0202112
0.0202112  0.109246
   0.52831 -0.0270849
-0.0270849   0.110514
 0.797181 -0.051927
-0.051927  0.338485
 0.766173 0.0501233
0.0501233  0.299287
 0.520533 0.0281632
0.0281632  0.105725
 0.792338 0.0452107
0.0452107  0.336774
 0.518443 -0.030081
-0.030081  0.103844
  0.757756 -0.0519458
-0.0519458   0.301828
  0.842795 0.00215267
0.00215267  0.0863752
  0.537998 -0.0101133
-0.0101133 -0.0519619
  0.536778 -0.0152727
-0.0152727 -0.0343302
  0.586572  0.0089281
 0.0089281 0.00654588
    0.814154 -0.000815044
-0.000815044    0.0549581
   0.816423 -0.00324429
-0.00324429   0.0674165
  0.822699 -0.0181932
-0.0181932   0.102734
  0.556015 0.00524685
0.00524685 -0.0277911
  0.684504 0.00178543
0.00178543 -0.0428426
   0.670442 -0.00230475
-0.00230475  -0.0476894
   0.787548 0.000414628
0.000414628    0.230403
  0.82403 0.0415597
0.0415597  0.311057
  0.826123 -0.0468577
-0.0468577   0.309808
  0.803023 -0.0446067
-0.0446067   0.300814
   0.750971 -0.00132621
-0.00132621    0.194527
   0.776655 -0.00520913
-0.00520913    0.220892
 0.811342 0.0494627
0.0494627  0.297354
 0.759412 0.0038998
0.0038998  0.213564
  0.842653 0.00112808
0.00112808   0.271347
  0.647525 -0.0127879
-0.0127879   0.124032
  0.670286 -0.0218424
-0.0218424   0.143783
 0.671247 0.0245444
0.0245444  0.142338
  0.65483 0.0248617
0.0248617  0.129143
  0.888738 -0.0107275
-0.0107275   0.131542
   0.897636 -0.00514491
-0.00514491    0.220255
   0.88918 0.00487839
0.00487839   0.229334
  0.775217 0.00479706
0.00479706   0.103415
 0.532239 -0.145019
-0.145019 -0.273088
 0.847139 -0.136253
-0.136253  0.171888
 0.694852  0.150133
 0.150133 -0.144008
   0.93546 -0.0939394
-0.0939394    0.24611
  1.28969 0.0231173
0.0231173   0.60675
   1.16705 -0.0177852
-0.0177852   0.385875
 0.821237  0.196564
 0.196564 -0.109917
  1.16737 0.0556086
0.0556086  0.383926
   2.3287 0.0169415
0.0169415   1.03825
   4.77641 -0.0416601
-0.0416601    1.88764
 -0.637311 -0.0282558
-0.0282558   -3.11237
  1.39688 0.0239988
0.0239988   0.99126
   4.50168 -0.0176989
-0.0176989    1.78443
  4.68056 -0.163508
-0.163508   1.51109
   2.65983 -0.0643348
-0.0643348    1.36158
 -0.185538 -0.0133958
-0.0133958   -2.65806
 -0.555649 -0.0122841
-0.0122841   -2.90277
 0.482765 -0.152133
-0.152133  -1.29366
  1.99803 -0.123949
-0.123949  0.692485
 0.628585 -0.257772
-0.257772  -1.28496
  4.36182 -0.191517
-0.191517   1.38309
 5.04669 0.207198
0.207198  1.44999
0.679682 0.132148
0.132148 -1.37221
 0.267994 0.0203524
0.0203524  -0.38918
 -0.217004 -0.0245771
-0.0245771   -2.68526
 -0.0652937 -0.00274428
-0.00274428    -2.57394
 4.97967 0.165767
0.165767  1.63946
 -0.124864 -0.0232378
-0.0232378   -2.93594
    2.68 0.100731
0.100731  1.32954
  2.10302 0.0974705
0.0974705  0.771446
0.468776 0.148122
0.148122 -1.36375
 2.13606 0.055145
0.055145 0.796024
   2.03055 -0.0546733
-0.0546733   0.694731
 5.62067 0.125897
0.125897  1.56489
0.700899 0.584417
0.584417 -2.68575
 0.593024 -0.504117
-0.504117  -2.62432
   5.74801 -0.0329136
-0.0329136    1.64476
  5.67956 -0.121707
-0.121707   1.64361
 0.604894 -0.594383
-0.594383  -2.73525
 5.53636 0.158829
0.158829  1.50556
0.704432 0.612164
0.612164 -2.72922
  0.959122 -0.0142213
-0.0142213   0.738045
 0.288351 0.0875786
0.0875786 -0.614967
   0.50391 -0.0453555
-0.0453555  -0.542516
 0.625936 0.0905375
0.0905375 -0.366353
 0.609589 0.0582298
0.0582298  0.353114
   0.48879 -0.0123015
-0.0123015   0.271182
  1.2295 0.189224
0.189224 0.676795
 0.229271 -0.109031
-0.109031 -0.651395
 0.407028  0.028345
 0.028345 0.0441049
 0.494306 0.0258084
0.0258084   0.21528
   2.16753 -0.0355053
-0.0355053   0.434689
 0.31901 0.419512
0.419512 -2.07021
  2.00014 0.0352186
0.0352186   0.25599
  1.98547 0.0619982
0.0619982  0.338212
0.443257 -0.42019
-0.42019  -1.8527
  0.19195 -0.403346
-0.403346  -2.15228
    1.9764 -0.0920664
-0.0920664   0.290083
0.373654 0.417647
0.417647 -2.07478
 2.64929 0.149003
0.149003  1.04167
 2.20609 -0.35456
-0.35456 0.283891
  2.5864 -0.14317
-0.14317 0.624779
 2.42678 0.147383
0.147383 0.420264
 2.49237 0.139546
0.139546 0.493896
 0.998965 0.0468131
0.0468131  0.815576
  1.11068 -0.017393
-0.017393  0.630111
    1.14875 -0.00920331
-0.00920331    0.719854
 0.791628  0.041357
 0.041357 -0.209135
  0.836832 -0.0165597
-0.0165597   0.164179
 0.846941 0.0215719
0.0215719  0.193431
 0.805448 -0.022461
-0.022461   0.13094
  0.747028 0.00348789
0.00348789  0.0820229
   0.765227 -0.00890899
-0.00890899     0.10171
 0.769314 0.0105156
0.0105156 0.0892292
  0.79212 0.0207761
0.0207761  0.150401
    0.772795 -0.000798057
-0.000798057     0.116145
  0.571615 0.00167478
0.00167478 -0.0122357
  0.206762 0.00725568
0.00725568   -0.14231
   0.219599 -0.00332617
-0.00332617   -0.128218
   0.97492 0.00556819
0.00556819   0.549485
   0.727795 -0.00298086
-0.00298086    0.007872
  0.977866 -0.0053872
-0.0053872   0.555313
0.859032 0.026956
0.026956 0.349407
 0.814328 0.0187335
0.0187335  0.336394
   0.888213 0.000293593
0.000293593    0.203793
  0.249942 -0.0368534
-0.0368534 -0.0893167
   0.37331  0.0419412
 0.0419412 -0.0155512
  0.301075  0.0359589
 0.0359589 -0.0280772
  0.259148  -0.034945
 -0.034945 -0.0879434
  0.832601 -0.0351445
-0.0351445   0.340132
  0.540981  0.0104322
 0.0104322 -0.0380545
  0.515436 -0.0114642
-0.0114642 -0.0608983
    0.8745 -0.0185742
-0.0185742   0.377413
   0.954947 -0.00540999
-0.00540999    0.534914
  0.861205 0.00536225
0.00536225   0.433009
  0.946167 0.00470795
0.00470795   0.522666
   0.909744 -0.00741394
-0.00741394    0.461383
  0.651944 -0.0109383
-0.0109383   0.103097
   0.656868 -0.00726766
-0.00726766   0.0921063
 0.635756 0.0122264
0.0122264 0.0833506
0.655257  0.01059
 0.01059 0.100662
  0.517918 -0.0276792
-0.0276792  0.0949525
  0.764775 -0.0505596
-0.0505596   0.305702
0.766005 0.054006
0.054006 0.315942
  0.52566 0.0315272
0.0315272  0.106713
 0.508543 0.0246979
0.0246979 0.0954419
 0.767982 0.0482447
0.0482447  0.306938
  0.547553 -0.0322497
-0.0322497   0.122741
  0.787157 -0.0543498
-0.0543498   0.325139
   0.789074 -0.00649841
-0.00649841   0.0428717
  0.853411 0.00247907
0.00247907    0.24627
  0.880774 0.00692686
0.00692686   0.285232
  0.847435 0.00293352
0.00293352   0.105976
   0.836926 -0.00201477
-0.00201477    0.080515
 0.74296 0.024871
0.024871 0.046529
 0.923661 0.0131178
0.0131178  0.315726
  0.909179 -0.0117985
-0.0117985   0.293884
   0.893428 -0.00268527
-0.00268527    0.174211
  0.902287 0.00265684
0.00265684   0.172008
    0.748541 -0.000147712
-0.000147712     0.186509
   0.795789 -0.00745118
-0.00745118     0.24514
  0.733776 0.00476594
0.00476594   0.178214
   0.747842 -0.00151991
-0.00151991     0.18392
 0.798842 0.0484416
0.0484416  0.283025
 0.794428 0.0451154
0.0451154  0.292933
  0.809131 -0.0432681
-0.0432681   0.295429
  0.827199 -0.0476398
-0.0476398   0.314625
 0.548648 0.0175527
0.0175527 0.0115908
 0.657539 0.0123383
0.0123383   0.12737
  0.661203 -0.0205741
-0.0205741   0.140133
 0.663411 0.0213378
0.0213378  0.134605
  0.641412 -0.0104781
-0.0104781   0.110811
  0.767449 0.00367904
0.00367904  0.0178868
   0.709287 -0.00362486
-0.00362486   0.0204773
  0.715372 0.00443349
0.00443349  0.0305297
  0.809777 0.00351587
0.00351587   0.179173
   0.78579 0.00473778
0.00473778   0.109939
   0.76013 0.00145472
0.00145472  0.0927609
 0.751048 0.0163121
0.0163121 0.0706589
  0.838151 -0.0202621
-0.0202621    0.17519
 0.779159 0.0203554
0.0203554  0.107997
  0.766866 -0.0210707
-0.0210707   0.103502
   0.772724 7.68138e-05
7.68138e-05    0.115551
 0.761839 0.0146235
0.0146235   0.10091
   0.913636 -0.00725373
-0.00725373    0.300379
   0.98909 0.00711294
0.00711294   0.558465
   0.979611 -0.00648842
-0.00648842    0.553715
   0.858705 -0.00428592
-0.00428592    0.139234
   0.886766 -0.00169837
-0.00169837    0.272242
   0.271882 0.000644064
0.000644064   -0.099407
   0.220242 0.000719776
0.000719776   -0.129867
 0.662325 0.0115893
0.0115893  0.087702
 0.636754 0.0150878
0.0150878 0.0910532
  0.891755 0.00136477
0.00136477   0.292455
 0.878727 0.0107607
0.0107607  0.418947
   0.924696 -0.00594172
-0.00594172    0.513231
   0.843674 -0.00712117
-0.00712117    0.412454
  0.939348 0.00379003
0.00379003   0.523711
    0.767005 -0.000854858
-0.000854858    0.0643429
   0.639237 -0.00484623
-0.00484623   0.0854709
   0.691505 -0.00870185
-0.00870185    0.139102
  0.264768 -0.0297538
-0.0297538  -0.097793
  0.254046   0.044516
  0.044516 -0.0991263
  0.258961  0.0398602
 0.0398602 -0.0880966
   0.28303 -0.0342277
-0.0342277 -0.0551772
  0.846002 -0.0263987
-0.0263987    0.33865
  0.878282 -0.0213068
-0.0213068   0.378374
 0.851613 0.0323717
0.0323717  0.359328
 0.871516 0.0250035
0.0250035  0.375294
0.530218 0.033759
0.033759 0.111645
0.515796 0.022933
0.022933 0.102732
  0.501231 -0.0194746
-0.0194746  0.0879633
  0.805588 -0.0477377
-0.0477377   0.348868
 0.774616 0.0560232
0.0560232   0.31253
 0.800197 0.0491102
0.0491102  0.341875
  0.552919 -0.0332233
-0.0332233   0.123432
  0.766548 -0.0531229
-0.0531229   0.307794
  0.848716 0.00754548
0.00754548  0.0990665
  0.544922 -0.0206723
-0.0206723 -0.0290571
 0.583493 0.0149654
0.0149654 0.0135171
  0.826649 0.00180708
0.00180708  0.0706837
   0.827732 -0.00400657
-0.00400657   0.0953272
  0.828484 -0.0145615
-0.0145615   0.118067
   0.582057 -0.00039373
-0.00039373 -0.00169416
   0.534761 -0.00502719
-0.00502719  -0.0462694
  0.678246 0.00424435
0.00424435 -0.0419583
  0.652581 0.00356879
0.00356879 -0.0510923
 0.837517 0.0439886
0.0439886  0.318481
 0.810308 0.0522419
0.0522419  0.299248
  0.829764 -0.0432175
-0.0432175   0.304928
  0.810116 -0.0456388
-0.0456388   0.302513
   0.76489 0.00131077
0.00131077   0.200491
   0.763387 -0.00387374
-0.00387374    0.207877
 0.776469 0.0082027
0.0082027  0.221915
   0.77316 0.00356801
0.00356801   0.218097
   0.836617 -0.00184594
-0.00184594    0.259004
 0.657776 -0.010657
-0.010657  0.130915
  0.671614 -0.0184493
-0.0184493   0.135739
 0.656561 0.0256089
0.0256089  0.134443
 0.665261 0.0232072
0.0232072  0.130683
   0.883174 -0.00653235
-0.00653235    0.128854
   0.911552 -0.00625543
-0.00625543    0.246847
  0.892506 0.00738519
0.00738519   0.249367
  0.759265 0.00322787
0.00322787  0.0938525
 0.837785 -0.080021
-0.080021  0.106913
  0.89502 0.0818109
0.0818109  0.168547
   1.33481 -0.0433191
-0.0433191   0.617609
 0.609001  0.182351
 0.182351 -0.257609
  1.01135 -0.112081
-0.112081  0.241575
0.975449 0.128589
0.128589 0.223366
  0.734917 -0.0944304
-0.0944304 0.00190199
  0.991631 -0.0947755
-0.0947755   0.211075
 0.374596 0.0720403
0.0720403 -0.517075
  -0.53041 0.00275961
0.00275961   -2.75075
 -0.514789 -0.0350944
-0.0350944   -2.89784
 0.545157 0.0177738
0.0177738  0.166461
   4.90658 -0.0313502
-0.0313502    2.00642
   4.77957 -0.0186388
-0.0186388    1.90848
   1.95503 -0.0534273
-0.0534273   0.734112
  1.98029 -0.173218
-0.173218  0.622251
  0.590766 -0.0528273
-0.0528273  -0.415438
 0.565023 0.0661727
0.0661727 -0.411406
-0.0949866  0.0234262
 0.0234262   -2.71286
 -0.155129 -0.0110369
-0.0110369   -2.84936
-0.0189509 0.00508759
0.00508759   -3.03613
-0.0982896 -0.0214668
-0.0214668    -2.5312
  0.828277 0.00899603
0.00899603   0.397756
  1.96745 0.0668297
0.0668297   0.71861
  1.98698 0.0229552
0.0229552  0.547275
   4.5262 -0.169674
-0.169674    1.4734
 4.86818 0.172898
0.172898  1.54635
 4.54767 0.145823
0.145823  1.51222
  4.38975 -0.156923
-0.156923   1.35422
0.475025 0.188424
0.188424  -1.4179
 0.400856 -0.150898
-0.150898  -1.38922
0.344344 0.142585
0.142585 -1.55153
 0.541081 -0.218697
-0.218697  -1.32711
   5.73219 -0.0245855
-0.0245855    1.48244
   5.7512 0.0246583
0.0246583   1.66525
0.556595 0.500633
0.500633 -2.65963
 0.647761 -0.526896
-0.526896  -2.65156
   5.74721 -0.0579379
-0.0579379    1.62815
 0.694486 -0.476736
-0.476736  -2.52286
 5.66851 0.118548
0.118548  1.63176
0.626798  0.58644
 0.58644 -2.68437
 0.736172 0.0193844
0.0193844  0.555543
 2.61615 0.150835
0.150835   1.2253
   2.29564 -0.0650856
-0.0650856    1.00388
   0.785607 0.000775198
0.000775198    0.575298
 0.793101 0.0288122
0.0288122  0.568324
0.681307 0.127551
0.127551 0.344946
  2.47044 -0.036244
-0.036244   1.17178
  2.58661 0.0509374
0.0509374   1.30398
   1.69191 0.00939626
0.00939626    1.29351
  1.67842 0.0297804
0.0297804   1.25781
 0.452861 -0.415453
-0.415453  -1.90581
0.364203 -0.40049
-0.40049 -2.08062
0.235058 0.411357
0.411357 -2.10582
0.425858 0.385548
0.385548 -1.88747
   1.93294 -0.0872865
-0.0872865   0.325972
    2.0822 -0.0320429
-0.0320429   0.361927
  2.06241 0.0409465
0.0409465  0.294014
  1.92626 0.0408485
0.0408485 0.0869548
  0.713136 -0.0438963
-0.0438963  -0.506532
 2.45263 0.148034
0.148034 0.499748
 2.21635 0.317545
0.317545 0.278347
  2.34546 -0.297853
-0.297853  0.334298
  2.34782 -0.379527
-0.379527  0.413413
 0.317674 0.0985387
0.0985387  0.108783
  0.308441 -0.0269703
-0.0269703   -0.48706
 0.176348 0.0641159
0.0641159 -0.578551
  0.838461 -0.0383314
-0.0383314   0.198755
  0.78602 0.0237518
0.0237518  0.112694
   0.608698 -0.00823425
-0.00823425   0.0308027
0.844304 0.019473
0.019473 0.183538
  0.796672 -0.0194358
-0.0194358   0.125532
  0.829668 -0.0188519
-0.0188519   0.167546
  0.772163 0.00533003
0.00533003  0.0963158
  0.742843 0.00349329
0.00349329  0.0795605
  0.764531 -0.0099875
-0.0099875   0.094192
 0.776166 0.0116711
0.0116711  0.110709
  0.627351 0.00343207
0.00343207  0.0495803
   0.968326 -0.00178661
-0.00178661    0.533173
   0.181848 -0.00557996
-0.00557996   -0.144925
  0.975428 0.00367696
0.00367696   0.552533
   0.726474 -0.00126211
-0.00126211  -0.0010999
  0.204839 0.00494088
0.00494088  -0.142963
  0.323264  0.0405902
 0.0405902 -0.0452641
  0.522422 0.00955344
0.00955344 -0.0567733
 0.859271 0.0252966
0.0252966  0.353919
 0.654654 0.0134267
0.0134267 0.0979609
  0.949485 0.00645953
0.00645953    0.52608
  0.903696 -0.0092855
-0.0092855   0.487335
 0.634439 -0.009585
-0.009585 0.0767241
  0.320169 -0.0346449
-0.0346449 -0.0352806
  0.786373 -0.0338006
-0.0338006   0.310281
    0.894689 -0.000564299
-0.000564299     0.204614
  0.321209  0.0353377
 0.0353377 -0.0295815
  0.950293 -0.0051659
-0.0051659   0.524748
  0.856437 0.00484232
0.00484232   0.422899
  0.275316 -0.0366764
-0.0366764 -0.0693656
  0.512945 -0.0123224
-0.0123224 -0.0637376
 0.646231  -0.01263
 -0.01263 0.0940653
  0.867471 -0.0202015
-0.0202015   0.367995
  0.81431 0.0341846
0.0341846  0.329619
  0.644681 0.00854861
0.00854861  0.0868655
   0.872161 -0.00353973
-0.00353973    0.270623
  0.529058 -0.0319979
-0.0319979   0.107004
  0.751842 -0.0523932
-0.0523932   0.292127
 0.751443 0.0534455
0.0534455  0.284259
 0.516519 0.0325864
0.0325864  0.102002
 0.511591 0.0281186
0.0281186  0.095635
 0.759882 0.0508421
0.0508421  0.301814
  0.523653 -0.0290782
-0.0290782   0.108371
  0.786348 -0.0534053
-0.0534053   0.332217
  0.767314 -0.0115962
-0.0115962   0.022613
    0.90397 -0.00850467
-0.00850467    0.292695
  0.875168 0.00549631
0.00549631    0.27551
  0.841898 0.00310478
0.00310478  0.0897783
  0.820486 -0.0047266
-0.0047266   0.073619
  0.92181 0.0127534
0.0127534  0.305732
   0.899111 -0.00159619
-0.00159619    0.170877
   0.905426 -0.00190629
-0.00190629     0.18713
 0.798161 0.0471785
0.0471785  0.296614
  0.780044 -0.0057103
-0.0057103   0.231231
    0.7888 -0.0491559
-0.0491559   0.280952
   0.748848 -0.00106915
-0.00106915    0.186471
    0.753704 -0.000320723
-0.000320723     0.193253
 0.799487 0.0477123
0.0477123  0.287576
  0.77174 0.0056534
0.0056534  0.217702
  0.827494 -0.0441096
-0.0441096   0.319386
  0.649888 -0.0144329
-0.0144329   0.123043
 0.644572 0.0151526
0.0151526  0.118558
  0.652957 -0.0176121
-0.0176121   0.131802
0.641328 0.022673
0.022673 0.121419
  0.764988 0.00712952
0.00712952  0.0107548
    0.711471 -0.000807924
-0.000807924     0.029115
  0.714387 0.00383866
0.00383866  0.0212341
  1.02713 -0.180199
-0.180199  0.319552
 2.05224  0.02354
 0.02354 0.655085
 0.646949 -0.153479
-0.153479 -0.182039
 0.634275  0.153926
 0.153926 -0.204864
0.959559 0.147489
0.147489 0.242114
 0.963536 -0.117246
-0.117246    0.2848
 0.945401 0.0970522
0.0970522  0.234798
   1.18788 -0.0167525
-0.0167525    0.42509
  1.16444 0.0137261
0.0137261  0.405855
   2.10397 -0.0111941
-0.0111941   0.686695
   4.43262 0.00310013
0.00310013    1.74581
-0.595948 0.0126937
0.0126937  -2.96936
  5.15843 0.0144447
0.0144447   1.98768
   -0.548042 -0.000674545
-0.000674545     -2.91805
    1.43369 -0.00843194
-0.00843194     1.04155
 0.479971 -0.145846
-0.145846  -1.31925
    0.249918 -0.000871489
-0.000871489    -0.405701
 4.72475 0.148602
0.148602  1.55299
0.486183 0.138724
0.138724 -1.27666
 4.75982 -0.16177
-0.16177  1.55158
-0.0623509 -0.0117452
-0.0117452   -2.76715
  2.10089 0.0489633
0.0489633  0.799681
 4.33868 0.260297
0.260297  1.20656
0.733693 0.251672
0.251672 -1.46966
   2.63531 -0.0847756
-0.0847756    1.31051
  2.59002 0.0820097
0.0820097   1.29021
 -0.192815 0.00500227
0.00500227   -2.62182
  4.57845 -0.226032
-0.226032    1.3819
  -0.187155 -0.00109376
-0.00109376    -2.66874
-0.0620493  0.0181205
 0.0181205   -2.85583
 2.03291 0.119785
0.119785 0.726112
  2.05246 -0.120073
-0.120073  0.735971
 0.663101 -0.265127
-0.265127   -1.3658
   2.11006 -0.0571091
-0.0571091   0.755987
  0.594667 -0.0668943
-0.0668943  -0.419542
 5.64644 0.098537
0.098537  1.60822
0.603683 0.567095
0.567095 -2.72019
 0.639027 -0.539634
-0.539634  -2.66614
   5.59265 -0.0791998
-0.0791998    1.58893
   5.64331 -0.0929814
-0.0929814     1.5809
 0.649084 -0.555028
-0.555028  -2.66581
 5.59628 0.047371
0.047371  1.56305
0.609503 0.506178
0.506178 -2.62632
  1.07698 0.0673145
0.0673145  0.842133
 0.552159 0.0418587
0.0418587 -0.520833
  0.563924 -0.0567902
-0.0567902   0.314691
 0.565534 0.0458857
0.0458857  0.301588
 0.267275 0.0916327
0.0916327 -0.616988
  0.240658 -0.0943926
-0.0943926  -0.656123
  0.394797 -0.0297022
-0.0297022  0.0531569
 0.417382 0.0185124
0.0185124 0.0665448
   1.96546 -0.0844572
-0.0844572   0.319423
 0.460856 -0.432201
-0.432201  -1.82686
  1.98817 -0.036867
-0.036867  0.224189
  1.95619 0.0860773
0.0860773  0.282337
 0.255471 -0.395489
-0.395489  -2.10713
0.213466 0.390338
0.390338 -2.13049
  2.08918 0.0284308
0.0284308  0.326066
0.450881 0.428962
0.428962 -1.82046
 2.53564 0.139205
0.139205 0.563309
 2.22267 0.331046
0.331046 0.286595
  2.51945 -0.167999
-0.167999  0.529367
  2.27535 -0.284541
-0.284541  0.303721
   1.01545 -0.0514897
-0.0514897   0.855455
    1.05276 -0.00858944
-0.00858944     0.59608
    1.11719 0.000263214
0.000263214    0.650152
