  0.00041905 -2.07446e-05
-2.07446e-05 -0.000396787
 0.000378543 -2.00495e-05
-2.00495e-05  -0.00030966
  0.00049057  0.000150783
 0.000150783 -0.000437428
 0.000561835  0.000112208
 0.000112208 -0.000502064
 0.000330536  4.39332e-06
 4.39332e-06 -0.000261382
 0.000463404 -4.89887e-05
-4.89887e-05 -0.000401248
  0.00033707  3.43364e-05
 3.43364e-05 -0.000262778
 0.000507575  1.00813e-05
 1.00813e-05 -0.000451019
 0.000557626  8.15507e-05
 8.15507e-05 -0.000428166
 0.000347202  1.12231e-05
 1.12231e-05 -0.000304226
 0.000512507  0.000158242
 0.000158242 -0.000466702
 0.000325828 -1.71714e-05
-1.71714e-05 -0.000264052
 0.000410137  1.25491e-05
 1.25491e-05 -0.000335641
  0.00068604  0.000137773
 0.000137773 -0.000515828
  0.00035406 -6.84584e-06
-6.84584e-06 -0.000291665
 0.000888744  0.000149208
 0.000149208 -0.000690227
0.000953128 0.000194191
0.000194191 -0.00071056
  0.00111537  0.000223596
 0.000223596 -0.000832296
 0.000695909  0.000236097
 0.000236097 -0.000673209
 0.000304525  2.46948e-06
 2.46948e-06 -0.000242023
 0.000667416 -0.000107475
-0.000107475 -0.000725544
 0.000677595 -0.000116425
-0.000116425 -0.000773091
 0.000602459 -0.000115218
-0.000115218 -0.000512497
 0.000687408  0.000171875
 0.000171875 -0.000647755
 0.000698302  0.000168244
 0.000168244 -0.000536545
 0.000514029  8.56677e-05
 8.56677e-05 -0.000407875
 0.000475026 -1.05586e-05
-1.05586e-05 -0.000426641
0.000332369 1.05619e-05
1.05619e-05 -0.00026475
 0.000560206  1.95829e-05
 1.95829e-05 -0.000475331
 0.000740639 -7.65019e-05
-7.65019e-05 -0.000830685
 0.000369111  3.58042e-05
 3.58042e-05 -0.000286261
 0.000504622  6.34757e-05
 6.34757e-05 -0.000392583
 0.000601022 -0.000149657
-0.000149657 -0.000509808
 0.000391544 -4.34805e-05
-4.34805e-05 -0.000375517
 0.000505867 -3.90065e-05
-3.90065e-05 -0.000516997
 0.000296748 -4.27511e-07
-4.27511e-07 -0.000231204
 0.000295105 -1.40881e-07
-1.40881e-07 -0.000230135
 0.000563725 -2.69623e-06
-2.69623e-06 -0.000535936
 0.000650103 -4.72152e-05
-4.72152e-05 -0.000711351
 0.00136875 0.000102795
0.000102795 -0.00101546
 0.000921522  0.000303358
 0.000303358 -0.000969355
 0.000713434  6.89516e-06
 6.89516e-06 -0.000615175
  0.00087802  5.61357e-05
 5.61357e-05 -0.000681281
 0.000388723  7.46673e-06
 7.46673e-06 -0.000313223
 0.000354103  2.42439e-05
 2.42439e-05 -0.000286119
 0.000446902  8.72943e-05
 8.72943e-05 -0.000386202
 0.000415455  5.69386e-05
 5.69386e-05 -0.000348768
 0.000501442   2.6617e-05
  2.6617e-05 -0.000475579
  0.00044956  5.72435e-05
 5.72435e-05 -0.000390007
 0.000407889  3.54907e-05
 3.54907e-05 -0.000334431
  0.00044085   2.7165e-05
  2.7165e-05 -0.000407131
 0.000593405 -6.03519e-05
-6.03519e-05 -0.000507609
 0.000522356 -4.79959e-05
-4.79959e-05 -0.000497232
 0.000309096  1.82704e-05
 1.82704e-05 -0.000233964
 0.000656454  7.34242e-05
 7.34242e-05 -0.000553399
 0.000302089 -3.30857e-06
-3.30857e-06 -0.000234029
 0.000725328  9.89341e-05
 9.89341e-05 -0.000692155
 0.000730535   0.00029885
  0.00029885 -0.000786429
 0.000650346 -7.43845e-05
-7.43845e-05 -0.000564709
 0.000768678  0.000158946
 0.000158946 -0.000609484
 0.000531108 -2.57833e-05
-2.57833e-05 -0.000547518
 0.000717947  8.45315e-05
 8.45315e-05 -0.000551652
 0.000292334  1.63759e-05
 1.63759e-05 -0.000233449
 0.000388054  5.29421e-05
 5.29421e-05 -0.000326296
 0.000448574 -3.10612e-05
-3.10612e-05 -0.000391403
0.000432682  7.0916e-05
 7.0916e-05 -0.00033006
  0.00147669 -0.000264104
-0.000264104  -0.00132142
  0.00157372 -0.000214717
-0.000214717  -0.00148055
 0.00144807 0.000289902
0.000289902  -0.0013017
 0.00146571 0.000138518
0.000138518  -0.0013053
  0.00159073 -8.53016e-05
-8.53016e-05  -0.00160681
 0.00144457 -2.6821e-06
-2.6821e-06 -0.00126064
 0.00152844 0.000224377
0.000224377 -0.00143518
 0.00151716 0.000166521
0.000166521 -0.00154135
 0.00146815 0.000259905
0.000259905 -0.00139413
   0.0011166 -0.000569135
-0.000569135  -0.00109229
  0.00168555 -1.17233e-05
-1.17233e-05  -0.00163178
  0.00136223 -0.000236501
-0.000236501  -0.00143114
0.000888744 0.000399345
0.000399345 -0.00105274
0.000953128 0.000542305
0.000542305 -0.00109673
 0.00129731 0.000478112
0.000478112 -0.00113214
 0.00111537 0.000558413
0.000558413 -0.00109308
 0.000905669 -0.000387225
-0.000387225  -0.00109532
 0.000960198 -0.000537688
-0.000537688  -0.00111381
  0.00156724 -0.000291921
-0.000291921  -0.00144776
 0.000912505 -3.24193e-06
-3.24193e-06 -0.000513463
 0.00133833 0.000616984
0.000616984 -0.00118392
  0.00135335 -0.000463614
-0.000463614  -0.00115933
  0.00137618 -0.000248067
-0.000248067  -0.00130343
  0.00138821 -0.000583894
-0.000583894  -0.00120313
  0.00156254 -6.96752e-05
-6.96752e-05   -0.0014938
 0.00152779 4.51991e-05
4.51991e-05 -0.00146516
  0.00158067 -3.66233e-05
-3.66233e-05  -0.00153129
 0.000911796  4.81201e-05
 4.81201e-05 -0.000502587
 0.000920866 -5.19804e-05
-5.19804e-05 -0.000493997
  0.00106897  2.90145e-05
 2.90145e-05 -0.000905163
 0.00160394  6.4952e-05
 6.4952e-05 -0.00164316
  0.00107063   1.0617e-05
  1.0617e-05 -0.000902868
  0.00162817 -6.22401e-05
-6.22401e-05  -0.00165536
  0.00136977 -0.000319007
-0.000319007  -0.00107596
  0.00107083 -0.000348313
-0.000348313  -0.00071841
 0.00087802 0.000182973
0.000182973 -0.00110041
 0.00129388 5.74904e-05
5.74904e-05 -0.00126531
  0.00131042 -4.18417e-05
-4.18417e-05  -0.00125138
 0.000881884 -0.000184283
-0.000184283  -0.00110773
 0.00136875 0.000321287
0.000321287 -0.00108633
  0.00108185  0.000351496
 0.000351496 -0.000739004
 0.00161049 0.000135612
0.000135612  -0.0015266
 0.00169858 7.95497e-05
7.95497e-05 -0.00164092
  0.00120142 -7.61555e-06
-7.61555e-06 -0.000905478
  0.00158652 -0.000106895
-0.000106895  -0.00146079
  0.00164817 -0.000124986
-0.000124986  -0.00157942
 0.00163666 0.000162556
0.000162556 -0.00156691
  0.00171255 -6.19947e-05
-6.19947e-05  -0.00165687
  0.00123119 -9.61694e-05
-9.61694e-05 -0.000925738
 0.00146304 4.91455e-05
4.91455e-05 -0.00124807
 0.00175559 2.42109e-05
2.42109e-05 -0.00168151
  0.00140824 -0.000143606
-0.000143606  -0.00142553
 0.00139181 0.000166761
0.000166761 -0.00139917
 0.00126558 0.000150639
0.000150639 -0.00101291
  0.00125417 -0.000153171
-0.000153171  -0.00102056
   0.0014031 -0.000532234
-0.000532234  -0.00123652
 0.00144259 0.000531715
0.000531715 -0.00125026
 0.00126911 0.000288094
0.000288094 -0.00107585
  0.00128365 -0.000274716
-0.000274716  -0.00109536
 0.00132055 0.000261968
0.000261968 -0.00137963
  0.00132649 -0.000155114
-0.000155114  -0.00142625
 0.00124142 0.000181685
0.000181685 -0.00100664
 0.00127219 0.000162299
0.000162299 -0.00138547
  0.00128543 -0.000158078
-0.000158078  -0.00101989
 0.00161985  0.00013332
 0.00013332 -0.00152788
 0.00165325 2.64345e-05
2.64345e-05 -0.00167736
   0.0013339 -4.18985e-06
-4.18985e-06  -0.00124036
 0.00149902 0.000312515
0.000312515 -0.00142246
 0.000560029 -0.000118461
-0.000118461 -0.000498479
 0.000490608 -0.000152569
-0.000152569 -0.000442607
 0.000333144 -5.80599e-06
-5.80599e-06 -0.000261087
 0.000339551 -3.12471e-05
-3.12471e-05 -0.000261693
  0.00055566 -8.48675e-05
-8.48675e-05 -0.000425771
 0.000508715 -1.06384e-05
-1.06384e-05 -0.000445935
 0.000453178  4.00654e-05
 4.00654e-05 -0.000429345
 0.000453088  4.21475e-05
 4.21475e-05 -0.000383148
 0.000334903 -1.49314e-05
-1.49314e-05 -0.000283743
 0.000905669 -0.000149614
-0.000149614 -0.000702836
  0.00035406 -1.37395e-06
-1.37395e-06 -0.000301995
 0.000410839 -1.40673e-05
-1.40673e-05 -0.000339586
 0.000960198 -0.000194337
-0.000194337 -0.000713677
   0.0011166 -0.000221678
-0.000221678 -0.000834123
 0.000698883 -0.000168662
-0.000168662 -0.000536112
 0.000518809 -0.000159127
-0.000159127 -0.000469615
 0.000689589  0.000109698
 0.000109698 -0.000790856
  0.00069634  -0.00023577
 -0.00023577 -0.000673566
 0.000323166  1.69888e-05
 1.69888e-05 -0.000260538
 0.000693144 -0.000139928
-0.000139928 -0.000522035
 0.000694253  -0.00016964
 -0.00016964 -0.000653547
 0.000304525 -3.92728e-06
-3.92728e-06 -0.000239245
 0.000475026  1.19786e-05
 1.19786e-05 -0.000445523
 0.000517152 -8.12354e-05
-8.12354e-05 -0.000414624
 0.000400594  4.46074e-05
 4.46074e-05 -0.000367735
 0.000562035 -1.80185e-05
-1.80185e-05 -0.000474332
 0.000333642 -7.88168e-06
-7.88168e-06 -0.000262962
  0.00073275  7.11629e-05
 7.11629e-05 -0.000821608
 0.000652625  0.000112276
 0.000112276 -0.000705845
 0.000372278  -3.4243e-05
 -3.4243e-05 -0.000287109
 0.000607961  0.000142488
 0.000142488 -0.000513747
 0.000499939 -6.36961e-05
-6.36961e-05 -0.000388521
 0.000596154  0.000115594
 0.000115594 -0.000508787
 0.000881884 -5.33918e-05
-5.33918e-05 -0.000685184
 0.000718506 -3.91492e-06
-3.91492e-06  -0.00062076
  0.00066852  5.47869e-05
 5.47869e-05 -0.000730066
 0.000300308 -3.89357e-06
-3.89357e-06 -0.000233754
 0.000296748 -4.95398e-06
-4.95398e-06 -0.000232315
  0.00136977 -0.000111818
-0.000111818  -0.00101261
 0.000917913 -0.000314506
-0.000314506 -0.000966124
 0.000563725  4.79343e-06
 4.79343e-06 -0.000525284
 0.000372422  6.71273e-06
 6.71273e-06 -0.000303618
 0.000352558 -2.55444e-05
-2.55444e-05 -0.000287035
 0.000517985  5.04409e-05
 5.04409e-05 -0.000526085
  0.00041692 -5.04758e-05
-5.04758e-05 -0.000351411
 0.000443774 -9.02543e-05
-9.02543e-05  -0.00038388
 0.000401385  2.97053e-05
 2.97053e-05 -0.000384279
 0.000446356  -5.8148e-05
 -5.8148e-05 -0.000386884
  0.00049361 -2.92626e-05
-2.92626e-05   -0.0004668
  0.00040425  -3.8054e-05
 -3.8054e-05 -0.000329689
0.000433814 -3.2536e-05
-3.2536e-05 -0.00040156
 0.000661055  7.23256e-05
 7.23256e-05 -0.000578511
 0.000586142  5.27741e-05
 5.27741e-05 -0.000496599
 0.000661526 -7.06263e-05
-7.06263e-05 -0.000559973
 0.000310614 -1.72183e-05
-1.72183e-05  -0.00023787
 0.000304964 -1.25794e-06
-1.25794e-06 -0.000236121
 0.000731083 -0.000100656
-0.000100656 -0.000699581
 0.000731827 -0.000299177
-0.000299177 -0.000789982
 0.000519486   3.5185e-05
  3.5185e-05 -0.000497109
 0.000403734  1.44802e-05
 1.44802e-05 -0.000365832
 0.000298983 -1.27187e-05
-1.27187e-05 -0.000236884
 0.000771438 -0.000152392
-0.000152392 -0.000608567
 0.000520285  2.17426e-06
 2.17426e-06 -0.000523036
 0.000723607 -8.66672e-05
-8.66672e-05 -0.000555953
 0.000386666 -5.51858e-05
-5.51858e-05 -0.000328723
 0.000428569 -7.28098e-05
-7.28098e-05 -0.000325151
 0.000448444  2.06829e-05
 2.06829e-05 -0.000382811
 0.000384753  3.74442e-05
 3.74442e-05 -0.000313151
 0.00222365 0.000150762
0.000150762 -0.00128387
 0.00196161 0.000112694
0.000112694 -0.00105993
  0.00186463 -0.000191261
-0.000191261  -0.00103525
 0.00187041 5.23584e-05
5.23584e-05 -0.00092171
 0.00231624 6.62968e-05
6.62968e-05 -0.00129452
  0.00187102 -5.02999e-05
-5.02999e-05  -0.00103878
  0.00218909 -0.000173518
-0.000173518   -0.0012401
  0.00224521 -0.000131896
-0.000131896  -0.00123175
  0.00206445 -0.000144545
-0.000144545  -0.00111104
  0.00188489  0.000279876
 0.000279876 -0.000725448
  0.00238706 -9.32215e-06
-9.32215e-06   -0.0014149
 0.000726234  2.63898e-05
 2.63898e-05 -0.000252763
  0.00187304 -0.000270388
-0.000270388 -0.000725544
  0.00187477 -0.000328434
-0.000328434 -0.000773091
  0.00180045  -0.00025565
 -0.00025565 -0.000830685
  0.00193775 -0.000374067
-0.000374067  -0.00102784
  0.00187207   0.00035295
  0.00035295 -0.000757318
 0.00178428 0.000280014
0.000280014 -0.00085362
 0.00197264 0.000102307
0.000102307 -0.00105608
 0.00215077  0.00018127
 0.00018127 -0.00122316
     0.00195 -0.000320476
-0.000320476  -0.00104363
 0.00195894 0.000366914
0.000366914 -0.00106631
0.00213842 0.00014304
0.00014304 -0.0010814
 0.00194886 0.000327835
0.000327835  -0.0010747
 0.00216761 2.77116e-05
2.77116e-05 -0.00122642
  0.00228734 -2.76219e-05
-2.76219e-05   -0.0013013
 0.00224262 2.52234e-05
2.52234e-05  -0.0012809
 0.000926822  0.000170227
 0.000170227 -0.000356718
 0.000751471 -0.000147201
-0.000147201 -0.000286037
  0.00134046 -0.000100132
-0.000100132 -0.000361138
  0.00140126  7.55207e-05
 7.55207e-05 -0.000406164
 0.00237088 4.77675e-05
4.77675e-05 -0.00133062
  0.00240012 -5.60144e-05
-5.60144e-05  -0.00136709
 0.00207299 3.01685e-05
3.01685e-05 -0.00108547
  0.00192248  0.000139129
 0.000139129 -0.000717035
  0.00170822  0.000231945
 0.000231945 -0.000969355
  0.00108303  0.000164141
 0.000164141 -0.000479768
  0.00204559 -1.71791e-05
-1.71791e-05  -0.00105271
  0.00190789 -0.000119008
-0.000119008 -0.000711351
  0.00110711 -0.000161923
-0.000161923 -0.000492325
   0.0017085 -0.000226206
-0.000226206 -0.000965155
  0.00215528 -0.000100192
-0.000100192  -0.00125884
  0.00240119 -5.66328e-05
-5.66328e-05   -0.0014264
 0.00140155 0.000109074
0.000109074 -0.00073237
 0.00210807 7.40781e-05
7.40781e-05 -0.00119591
 0.00228245 0.000105515
0.000105515 -0.00133588
  0.00226315 -0.000124097
-0.000124097  -0.00129239
  0.00139833  9.59724e-05
 9.59724e-05 -0.000740166
 0.00237109 5.01834e-05
5.01834e-05 -0.00140016
  0.0023778 3.23437e-06
3.23437e-06 -0.00141219
 0.00183755 -7.1533e-05
-7.1533e-05 -0.00107312
  0.00217394 -0.000141762
-0.000141762  -0.00116111
  0.00153167 -0.000170099
-0.000170099 -0.000555192
  0.00155324   0.00020877
  0.00020877 -0.000575435
 0.00218856 0.000107029
0.000107029 -0.00115722
  0.00190233 -0.000186474
-0.000186474  -0.00103846
 0.00191303 0.000210887
0.000210887 -0.00103858
 0.00200266 -0.00015687
-0.00015687 -0.00104251
  0.00198027  0.000146412
 0.000146412 -0.000957607
  0.0021147 -0.00018885
-0.00018885 -0.00105782
  0.00154073  0.000130703
 0.000130703 -0.000859093
  0.00151839 -0.000104028
-0.000104028 -0.000872999
  0.00215197 -0.000123902
-0.000123902  -0.00104001
 0.00217956 9.42217e-05
9.42217e-05 -0.00107979
  0.00215622 -8.92823e-05
-8.92823e-05  -0.00117267
  0.00182048  4.78784e-05
 4.78784e-05 -0.000825337
  0.00237396 -2.99041e-06
-2.99041e-06  -0.00136335
  0.00211668 -0.000239916
-0.000239916  -0.00118086
 2.32546e-05 -8.72952e-05
-8.72952e-05  -7.5901e-06
 9.18787e-06 -7.67389e-05
-7.67389e-05  5.48468e-05
 4.30629e-05  8.70537e-05
 8.70537e-05 -1.18298e-05
 1.2134e-05 -6.5913e-05
-6.5913e-05 5.51226e-05
 3.4621e-05 5.31217e-06
5.31217e-06 7.58249e-05
 5.42279e-05 -1.43797e-06
-1.43797e-06  3.95053e-05
 6.80173e-05  0.000117175
 0.000117175 -2.85274e-05
5.07454e-05 4.10386e-05
4.10386e-05  3.9586e-05
 0.000241146  3.57611e-06
 3.57611e-06 -5.63521e-05
-2.48077e-05  1.15863e-05
 1.15863e-05  0.000158695
0.000926822 0.000112091
0.000112091 -0.00057743
 0.000726234 -2.00975e-05
-2.00975e-05 -0.000376283
 0.000327855  7.37352e-05
 7.37352e-05 -0.000357074
 0.000751471 -0.000104139
-0.000104139  -0.00043829
 0.000808837 -8.79845e-05
-8.79845e-05 -0.000475083
 0.000685477 -9.36443e-06
-9.36443e-06 -0.000348046
 0.000256571 -3.92441e-05
-3.92441e-05 -3.32699e-05
 0.000335048 -1.18428e-05
-1.18428e-05 -0.000513463
 0.000310035 -6.42335e-06
-6.42335e-06 -0.000477073
 0.000357277  1.15647e-05
 1.15647e-05 -0.000486606
 0.000297891 -0.000137013
-0.000137013 -0.000327263
 0.000255332 -8.24829e-05
-8.24829e-05 -0.000291294
 0.000189309 -5.66738e-05
-5.66738e-05 -4.75979e-05
-2.46134e-05   9.0359e-06
  9.0359e-06  2.30583e-05
 0.000856196  8.70467e-05
 8.70467e-05 -0.000503612
 0.000443095 -3.20542e-05
-3.20542e-05 -0.000583762
 0.000268818  5.42845e-05
 5.42845e-05 -4.77648e-05
 0.000378583  1.65041e-05
 1.65041e-05 -0.000502587
 0.000358041 -3.25036e-05
-3.25036e-05 -0.000493997
 0.000200628  4.47492e-05
 4.47492e-05 -4.94322e-05
 0.000203736 -1.94444e-05
-1.94444e-05 -5.97951e-05
 0.000266747  7.83018e-05
 7.83018e-05 -0.000305732
 0.000205516   2.0002e-05
  2.0002e-05 -5.18476e-05
  0.00108303  0.000110503
 0.000110503 -0.000688987
 0.000648165  0.000352943
 0.000352943 -0.000739004
0.000622541 -0.00034463
-0.00034463 -0.00071841
  0.00109038  -9.2991e-05
 -9.2991e-05 -0.000682972
  0.00110711  -4.5687e-05
 -4.5687e-05 -0.000695907
 0.000588286 -0.000296412
-0.000296412 -0.000678537
  0.00109013  9.48312e-05
 9.48312e-05 -0.000689365
0.000636771 0.000338754
0.000338754 -0.00072385
-8.6205e-05 -1.0273e-05
-1.0273e-05 0.000184627
2.17241e-05 4.89582e-05
4.89582e-05 -2.2597e-05
 6.27088e-05  5.98212e-05
 5.98212e-05 -3.37554e-05
 6.77447e-05 -4.15263e-05
-4.15263e-05 -5.29094e-05
-0.000100876  3.36344e-05
 3.36344e-05  0.000156109
-0.000116327 -9.61751e-06
-9.61751e-06  0.000162796
9.91608e-06 0.000100344
0.000100344 9.82073e-05
 1.24857e-05 -5.93247e-05
-5.93247e-05 -1.90249e-05
-8.46037e-05  1.34119e-05
 1.34119e-05  0.000125971
-0.000101146  1.24399e-05
 1.24399e-05  0.000154373
  0.00039741  0.000233074
 0.000233074 -0.000495357
 0.000286827  1.22041e-05
 1.22041e-05 -0.000162386
 0.000314594  5.28778e-07
 5.28778e-07 -0.000174827
 0.000309138 -4.63223e-06
-4.63223e-06 -0.000189266
 0.000384694 -0.000235129
-0.000235129 -0.000460441
 0.000413628  0.000234345
 0.000234345 -0.000508646
 0.000381832 -0.000227325
-0.000227325 -0.000489705
 0.000293815 -2.89655e-05
-2.89655e-05 -0.000173249
0.000325774 8.75318e-05
8.75318e-05 -0.00012212
 0.000416794  0.000101489
 0.000101489 -0.000245438
 0.000414676 -9.68515e-05
-9.68515e-05 -0.000223595
 0.000381153  -0.00021159
 -0.00021159 -0.000230506
  0.00041789   9.3181e-05
  9.3181e-05 -0.000237852
-9.71185e-05   1.8841e-05
  1.8841e-05  0.000196601
-4.89933e-05 -5.45395e-07
-5.45395e-07   0.00014798
-4.11591e-05 -1.73849e-05
-1.73849e-05  0.000129966
  9.1076e-05  2.56578e-05
 2.56578e-05 -5.79887e-05
  0.00191896  5.15366e-06
 5.15366e-06 -0.000978905
 0.00230156 6.68088e-05
6.68088e-05 -0.00128608
  0.00189266 -1.99441e-06
-1.99441e-06 -0.000956557
  0.0022164 0.000182729
0.000182729 -0.00128311
  0.00189671 -0.000172489
-0.000172489   -0.0010286
 0.00187086 0.000169424
0.000169424 -0.00101256
  0.00231089 -0.000106848
-0.000106848  -0.00127934
  0.00229711 -0.000175964
-0.000175964  -0.00137973
  0.0023899 5.33826e-05
5.33826e-05 -0.00142705
  0.00238706 -4.78416e-07
-4.78416e-07  -0.00143105
 0.00190368 5.10528e-07
5.10528e-07 -0.00107308
 0.000685477  2.14926e-05
 2.14926e-05 -0.000251667
 0.000856196  0.000177467
 0.000177467 -0.000341331
  0.00138992  2.80721e-05
 2.80721e-05 -0.000763369
  0.00179881  0.000273834
 0.000273834 -0.000821608
  0.00187905  0.000341236
 0.000341236 -0.000790856
  0.00187344 -0.000330029
-0.000330029 -0.000775977
  0.00139145  8.17406e-05
 8.17406e-05 -0.000413056
 0.00194457 0.000372912
0.000372912 -0.00103729
 0.00238598 5.78702e-05
5.78702e-05 -0.00134794
 0.00228734 3.66915e-05
3.66915e-05 -0.00131179
  0.00224262 -3.86267e-05
-3.86267e-05  -0.00124163
  0.00190376 -2.84086e-06
-2.84086e-06 -0.000940939
  0.00238587 -7.16951e-05
-7.16951e-05  -0.00135127
 0.000808837  -0.00014568
 -0.00014568 -0.000297484
  0.00180812 -0.000268447
-0.000268447 -0.000823814
  0.00190512 -0.000267868
-0.000267868 -0.000740152
  0.00137702 -3.63921e-05
-3.63921e-05 -0.000750001
  0.00187309   0.00029099
  0.00029099 -0.000705845
 0.00195325 0.000327827
0.000327827 -0.00107369
  0.00137858 -5.99321e-05
-5.99321e-05 -0.000396858
  0.00194364 -0.000370029
-0.000370029  -0.00104932
  0.0019556 -0.00031786
-0.00031786 -0.00108653
  0.00109038 -0.000201087
-0.000201087 -0.000465076
   0.0016789 -0.000244821
-0.000244821 -0.000966124
  0.00192125  0.000126896
 0.000126896 -0.000730066
 0.00204559 2.57008e-05
2.57008e-05 -0.00105679
  0.00109013  0.000190398
 0.000190398 -0.000474727
   0.0016998  0.000245097
 0.000245097 -0.000974995
  0.00207299 -4.56291e-05
-4.56291e-05  -0.00111001
  0.00190104 -0.000160303
-0.000160303 -0.000708703
  0.00233481 -0.000108557
-0.000108557   -0.0014115
 0.00205008 0.000138807
0.000138807 -0.00108954
 0.00214615 0.000170403
0.000170403 -0.00107644
  0.00211044 -0.000170998
-0.000170998  -0.00104709
 0.00214756  9.5861e-05
 9.5861e-05 -0.00123531
   0.0021427 -9.20198e-05
-9.20198e-05  -0.00124517
  0.00234167 -7.92942e-05
-7.92942e-05  -0.00130476
  0.00206666 -0.000146561
-0.000146561  -0.00110982
 0.00217939 4.34331e-05
4.34331e-05 -0.00121485
  0.00218904 -1.20179e-05
-1.20179e-05  -0.00119272
  0.00191051 -0.000204321
-0.000204321  -0.00101995
  0.00200786 -0.000167403
-0.000167403  -0.00102044
  0.00150576 -0.000206038
-0.000206038 -0.000524351
 0.00190477 0.000205893
0.000205893 -0.00103869
 0.00216282 0.000130327
0.000130327 -0.00114909
  0.00198437  0.000168396
 0.000168396 -0.000988362
  0.00153696  0.000207273
 0.000207273 -0.000546943
  0.00219786 -8.64761e-05
-8.64761e-05  -0.00115664
   0.0023843 -5.55339e-05
-5.55339e-05  -0.00139305
 0.00215984 0.000137097
0.000137097 -0.00105461
  0.00148913 -8.82378e-05
-8.82378e-05 -0.000839551
  0.00219708 -5.39966e-05
-5.39966e-05  -0.00113744
  0.00150869  8.83705e-05
 8.83705e-05 -0.000864887
 0.00227276 0.000108639
0.000108639 -0.00132294
 0.00213261 0.000234241
0.000234241 -0.00124064
  0.00212889 -0.000209016
-0.000209016  -0.00126192
  0.00233627 -6.03586e-05
-6.03586e-05  -0.00136662
 0.000461144 -7.54619e-05
-7.54619e-05  -0.00042585
 0.000470368  4.13279e-05
 4.13279e-05 -0.000417908
 0.000566582 -0.000102512
-0.000102512  -0.00042528
  0.00056655 -0.000100711
-0.000100711 -0.000503037
 0.000438878  1.58424e-05
 1.58424e-05 -0.000414531
  0.00054379  -0.00014526
 -0.00014526 -0.000434673
 0.000332803 -3.31251e-05
-3.31251e-05 -0.000253701
 0.000329175 -1.07146e-05
-1.07146e-05 -0.000258507
 0.000437938 -7.01686e-05
-7.01686e-05 -0.000380531
0.000762411 7.57727e-05
7.57727e-05 -0.00085362
 0.000402714 -2.10765e-05
-2.10765e-05 -0.000335641
 0.000513075  3.38994e-05
 3.38994e-05 -0.000512772
 0.000355454  3.42367e-06
 3.42367e-06 -0.000298181
 0.000976968 -0.000200466
-0.000200466 -0.000727443
 0.000662844  0.000110135
 0.000110135 -0.000725448
 0.000668301  0.000120275
 0.000120275 -0.000757318
 0.000439233  1.72192e-05
 1.72192e-05 -0.000395074
 0.000595303  0.000113799
 0.000113799 -0.000515892
 0.000499649 -7.27214e-05
-7.27214e-05 -0.000383261
 0.000547963 -2.79924e-05
-2.79924e-05 -0.000502628
 0.000584517  0.000122799
 0.000122799 -0.000497224
 0.000332724 -1.10911e-05
-1.10911e-05  -0.00026475
 0.000564876 -1.61248e-05
-1.61248e-05 -0.000475331
 0.000450198 -3.25807e-05
-3.25807e-05 -0.000396131
 0.000374348 -3.36423e-05
-3.36423e-05 -0.000289468
 0.000459222  2.32723e-06
 2.32723e-06 -0.000416544
 0.000301945 -1.46137e-06
-1.46137e-06 -0.000232786
  0.00108691 -0.000219759
-0.000219759 -0.000814144
 0.000913741 -0.000149249
-0.000149249 -0.000703923
 0.000689315 -0.000178806
-0.000178806 -0.000662877
 0.000711817 -0.000262472
-0.000262472 -0.000690617
  0.00031478  2.30866e-05
 2.30866e-05 -0.000263825
 0.000396253  4.19825e-05
 4.19825e-05 -0.000368669
 0.000923223 -0.000286627
-0.000286627 -0.000965155
  0.00136535 -8.68273e-05
-8.68273e-05  -0.00100768
 0.000292605 -4.32358e-06
-4.32358e-06 -0.000228993
 0.000574123 -4.78603e-06
-4.78603e-06 -0.000539635
 0.000654124  4.39136e-05
 4.39136e-05 -0.000717035
 0.000296363 -3.01567e-06
-3.01567e-06 -0.000230135
 0.000869033 -4.89953e-05
-4.89953e-05 -0.000675768
 0.000713039 -1.29459e-06
-1.29459e-06 -0.000615175
 0.000410867 -3.71405e-05
-3.71405e-05 -0.000324534
  0.00068877 -0.000115285
-0.000115285 -0.000521513
 0.000325378 -1.35769e-05
-1.35769e-05 -0.000260664
0.000389627 6.08531e-06
6.08531e-06 -0.00033385
 0.000403404 -6.53808e-05
-6.53808e-05  -0.00035562
 0.000372826  -5.0568e-05
 -5.0568e-05 -0.000308919
 0.000387053  9.41733e-06
 9.41733e-06 -0.000329572
 0.000680187  -0.00011164
 -0.00011164 -0.000531604
 0.000539105 -0.000112671
-0.000112671 -0.000400521
 0.000373923 -2.99853e-05
-2.99853e-05 -0.000308822
 0.000302252 -1.18189e-06
-1.18189e-06 -0.000232585
0.000518831 4.69413e-05
4.69413e-05 -0.00049436
 0.000732925 -0.000295516
-0.000295516 -0.000770185
 0.000719943 -9.61171e-05
-9.61171e-05  -0.00069029
 0.000619636  4.94541e-05
 4.94541e-05 -0.000535536
 0.000657776 -6.62105e-05
-6.62105e-05 -0.000557391
 0.000652523  7.01134e-05
 7.01134e-05 -0.000561924
 0.000308516 -1.88163e-05
-1.88163e-05 -0.000234507
 0.000350777 -3.37978e-05
-3.37978e-05  -0.00028942
 0.000715626 -8.05953e-05
-8.05953e-05 -0.000553827
 0.000530122  3.04758e-05
 3.04758e-05 -0.000547444
 0.000294344 -1.44992e-05
-1.44992e-05 -0.000234401
 0.000771084 -0.000189176
-0.000189176 -0.000610883
 0.000435717 -9.29171e-05
-9.29171e-05 -0.000394043
  0.00053562 -0.000141823
-0.000141823 -0.000492852
0.000352836 2.86654e-05
2.86654e-05 -0.00031194
 0.000436563 -6.66907e-05
-6.66907e-05 -0.000330932
  0.00146491 -0.000136642
-0.000136642  -0.00131026
 0.00156839 0.000100937
0.000100937 -0.00158828
 0.00147338 0.000147145
0.000147145 -0.00130182
 0.00156531 0.000220977
0.000220977 -0.00146749
  0.00140553 -0.000258964
-0.000258964  -0.00129457
 0.00140756 0.000248287
0.000248287 -0.00128854
  0.00155267 -0.000125647
-0.000125647  -0.00158433
  0.00167647 -0.000221417
-0.000221417  -0.00156505
 0.00172577 7.18374e-05
7.18374e-05 -0.00166172
 0.00170636 1.01641e-05
1.01641e-05 -0.00163178
  0.00144848 -2.02856e-05
-2.02856e-05  -0.00129018
 0.000976968 -0.000512522
-0.000512522  -0.00110848
 0.00114662 0.000568165
0.000568165 -0.00111994
0.000954584 0.000551147
0.000551147 -0.00109946
 0.000965972 -4.87655e-05
-4.87655e-05 -0.000583762
 0.000901375  2.01195e-05
 2.01195e-05 -0.000477073
  0.00122448 -4.91152e-05
-4.91152e-05 -0.000927904
  0.00110611 -3.02808e-05
-3.02808e-05 -0.000928443
 0.00136925 0.000605751
0.000605751 -0.00120799
 0.00162261 7.80773e-05
7.80773e-05 -0.00165647
  0.00148334 -4.52344e-05
-4.52344e-05  -0.00146516
 0.00158117 5.63755e-05
5.63755e-05 -0.00153129
  0.00142472 -1.31697e-05
-1.31697e-05  -0.00128983
  0.00160818 -7.96126e-05
-7.96126e-05    -0.001638
 0.000909171  4.14315e-05
 4.14315e-05 -0.000486606
 0.00089794 0.000397711
0.000397711 -0.00109093
 0.00120032 2.29334e-05
2.29334e-05 -0.00089655
  0.00108691 -0.000546033
-0.000546033  -0.00109659
 0.000913741 -0.000370655
-0.000370655  -0.00111352
  0.00136342 -0.000584942
-0.000584942  -0.00118634
  0.00137069 -0.000452232
-0.000452232  -0.00116284
 0.00106259  3.3607e-05
 3.3607e-05 -0.00089447
 0.00135246 0.000481053
0.000481053 -0.00114628
 0.000869033 -0.000209215
-0.000209215  -0.00107877
  0.00136535 -0.000309825
-0.000309825  -0.00107851
  0.00104692 -0.000350598
-0.000350598 -0.000678537
 0.00106484  0.00033929
 0.00033929 -0.00072385
 0.00136504 0.000312873
0.000312873 -0.00107688
  0.00134805 -6.29751e-05
-6.29751e-05  -0.00126531
0.000881392 0.000181368
0.000181368 -0.00110709
 0.00129951   4.446e-05
  4.446e-05 -0.00125138
    0.001754 -0.000136794
-0.000136794  -0.00165417
0.00145235 0.00023392
0.00023392 -0.0013847
  0.0013565 0.000250395
0.000250395 -0.00144061
  0.00131144 -0.000232437
-0.000232437  -0.00138441
 0.00166616 0.000132731
0.000132731 -0.00151976
  0.00164139 -0.000144657
-0.000144657  -0.00148244
    0.001604 -0.000119938
-0.000119938  -0.00164544
  0.00145448 -0.000249312
-0.000249312  -0.00138311
 0.00156034 9.88918e-05
9.88918e-05 -0.00153057
 0.00151372 -6.0845e-05
-6.0845e-05 -0.00152336
 0.00125573 0.000130162
0.000130162 -0.00100599
  0.00124855 -0.000263853
-0.000263853  -0.00108962
  0.00144108 -0.000530801
-0.000530801  -0.00125042
 0.00128484 0.000273077
0.000273077   -0.001094
 0.00140719 0.000161643
0.000161643 -0.00141483
   0.0012353 -0.000151761
-0.000151761 -0.000998125
 0.00143144 0.000541693
0.000541693 -0.00125329
  0.00139753 -9.91956e-05
-9.91956e-05  -0.00143672
  0.00166686 -6.63732e-05
-6.63732e-05  -0.00163677
 0.00130892 0.000165637
0.000165637 -0.00141012
   0.0012438 -0.000159979
-0.000159979 -0.000995875
  0.00139493 -7.49666e-05
-7.49666e-05  -0.00143614
  0.00124291  0.000172473
 0.000172473 -0.000999235
 0.00164665 0.000126623
0.000126623 -0.00158056
 0.00158939 0.000314673
0.000314673  -0.0014556
  0.00158702 -0.000273423
-0.000273423  -0.00141615
  0.00165247 -6.81491e-05
-6.81491e-05  -0.00161263
 0.000563968  0.000115351
 0.000115351 -0.000503796
 0.000437919 -2.66993e-05
-2.66993e-05 -0.000416591
 0.000493872  0.000152212
 0.000152212 -0.000439308
 0.000473759 -4.76888e-05
-4.76888e-05 -0.000417133
 0.000559841  8.49498e-05
 8.49498e-05 -0.000432005
  0.00051193   1.2116e-05
  1.2116e-05 -0.000450616
 0.000317024  4.64206e-06
 4.64206e-06 -0.000254512
  0.00032505  4.17811e-05
 4.17811e-05 -0.000253633
 0.000380125 -1.47045e-05
-1.47045e-05 -0.000317168
 0.000355454 -4.91833e-06
-4.91833e-06 -0.000292561
 0.000412921   1.6354e-05
  1.6354e-05 -0.000339586
 0.000516574  8.69607e-05
 8.69607e-05 -0.000408626
 0.000954584  0.000189521
 0.000189521 -0.000713125
  0.00089794   0.00014502
  0.00014502 -0.000696808
  0.00069333   0.00014056
  0.00014056 -0.000519742
 0.000735642  -8.2824e-05
 -8.2824e-05 -0.000823814
 0.000684303  -0.00012447
 -0.00012447 -0.000775977
 0.000694172    0.0001676
   0.0001676 -0.000653249
 0.000600399 -0.000147897
-0.000147897 -0.000512335
 0.000392447 -4.58382e-05
-4.58382e-05 -0.000368997
 0.000459222  -7.4977e-06
 -7.4977e-06 -0.000413989
 0.000301945 -2.14426e-07
-2.14426e-07 -0.000241187
 0.000323173 -1.52136e-05
-1.52136e-05 -0.000271046
 0.000513097  0.000161806
 0.000161806 -0.000471006
 0.000559613  1.87458e-05
 1.87458e-05 -0.000474332
 0.000330308   8.3114e-06
  8.3114e-06 -0.000262962
  0.00114662  0.000224635
 0.000224635 -0.000852593
 0.000671901 -0.000110371
-0.000110371 -0.000740152
 0.000705973  0.000177257
 0.000177257 -0.000536685
 0.000501053  6.52465e-05
 6.52465e-05 -0.000388574
 0.000698558   0.00023681
  0.00023681 -0.000679802
 0.000610076 -0.000119515
-0.000119515 -0.000523162
 0.000372282  3.90185e-05
 3.90185e-05 -0.000289332
 0.00136504 0.000119541
0.000119541 -0.00101373
 0.000931574  0.000316904
 0.000316904 -0.000974995
 0.000648372 -4.18841e-05
-4.18841e-05 -0.000708703
 0.000574123  3.50531e-06
 3.50531e-06 -0.000543676
 0.000881392  5.15193e-05
 5.15193e-05 -0.000685081
0.000719759 2.86334e-06
2.86334e-06 -0.00062076
 0.000292605 -3.06714e-06
-3.06714e-06 -0.000223521
 0.000298495 -8.95672e-07
-8.95672e-07 -0.000233754
 0.000385716  5.33089e-05
 5.33089e-05 -0.000314044
 0.000501011   2.9636e-05
  2.9636e-05 -0.000472479
 0.000511643 -3.92426e-05
-3.92426e-05 -0.000521756
  0.00036588  2.81944e-05
 2.81944e-05 -0.000292345
 0.000414912  5.52614e-05
 5.52614e-05 -0.000349265
 0.000448299  8.82731e-05
 8.82731e-05 -0.000386875
 0.000347847  8.49599e-06
 8.49599e-06 -0.000286513
 0.000447346  6.27036e-05
 6.27036e-05 -0.000386993
  0.00044022  2.44564e-05
 2.44564e-05 -0.000400134
 0.000409431  3.56435e-05
 3.56435e-05 -0.000341586
  0.00031351  1.89845e-05
 1.89845e-05 -0.000237199
 0.000743462  0.000311316
 0.000311316 -0.000790068
 0.000648146 -6.89888e-05
-6.89888e-05 -0.000558914
 0.000659419  7.37789e-05
 7.37789e-05 -0.000557867
 0.000522071 -5.37099e-05
-5.37099e-05 -0.000494818
 0.000729502  9.50676e-05
 9.50676e-05 -0.000696611
 0.000592964 -5.92794e-05
-5.92794e-05 -0.000503074
 0.000295105 -8.04445e-06
-8.04445e-06   -0.0002275
 0.000320869  6.54926e-06
 6.54926e-06 -0.000259331
 0.000533819 -3.89117e-05
-3.89117e-05 -0.000551924
 0.000724092  8.73153e-05
 8.73153e-05 -0.000555118
 0.000294624  1.19485e-05
 1.19485e-05 -0.000231196
 0.000767567  0.000151608
 0.000151608 -0.000612403
 0.000399975  9.35793e-07
 9.35793e-07 -0.000335372
 0.000448923 -3.31871e-05
-3.31871e-05 -0.000392319
 0.000428261  7.94202e-05
 7.94202e-05 -0.000326386
 0.000366452 -9.25917e-06
-9.25917e-06 -0.000319039
